  -4.1781000e-02
   1.5840000e-02
   3.1486000e-02
  -4.0340000e-03
  -4.8306000e-02
  -7.2519000e-02
  -1.0134700e-01
  -6.4503000e-02
   9.7670000e-03
   1.9813000e-02
   1.9400000e-03
  -1.1694000e-02
  -5.4930000e-03
  -1.7437000e-02
  -5.6416000e-02
  -6.3492000e-02
  -5.9496000e-02
  -4.0734000e-02
  -1.6621000e-02
  -2.7964000e-02
   1.2800000e-03
   5.3499000e-02
   6.5961000e-02
   7.1064000e-02
   3.5410000e-02
  -1.1883000e-02
  -6.9426000e-02
  -1.2991800e-01
  -1.1395900e-01
  -1.0833400e-01
  -1.7027300e-01
  -1.9988500e-01
  -1.1596000e-01
  -1.7567000e-02
  -2.3238000e-02
  -7.4072000e-02
  -7.3988000e-02
   1.4175000e-02
   8.8569000e-02
   2.0658000e-02
  -1.0561600e-01
  -1.4789300e-01
  -8.8500000e-02
   2.9440000e-03
   2.0830000e-02
  -4.4678000e-02
  -8.0491000e-02
   1.4476000e-02
   1.8475800e-01
   2.7455600e-01
   2.6510000e-01
   2.3104000e-01
   2.1128800e-01
   2.2477800e-01
   2.4195200e-01
   2.2913500e-01
   2.0857200e-01
   2.0135800e-01
   1.9855200e-01
   2.2014500e-01
   2.8656100e-01
   3.4501000e-01
   3.1811100e-01
   2.4234300e-01
   2.5172000e-01
   3.0596400e-01
   2.9602000e-01
   2.5661400e-01
   2.4920900e-01
   2.7720400e-01
   2.5809600e-01
   2.1222400e-01
   1.9156500e-01
   2.0836500e-01
   3.0421000e-01
   3.5549300e-01
   3.1752700e-01
   2.4929500e-01
   2.1618700e-01
   3.5260500e-01
   5.1140700e-01
   4.7514800e-01
   3.5097200e-01
   3.2018200e-01
   3.7605900e-01
   4.5326900e-01
   4.6823800e-01
   3.1780100e-01
   1.9675500e-01
   2.4133900e-01
   2.5128000e-01
   1.8461300e-01
   4.4112000e-02
  -1.2738400e-01
  -1.5526100e-01
  -9.9101000e-02
  -6.7033000e-02
  -1.3574900e-01
  -2.5178900e-01
  -2.0557200e-01
  -8.2221000e-02
  -4.4200000e-04
  -2.8486000e-02
  -1.8848400e-01
  -2.6702800e-01
  -2.3411900e-01
  -1.9081300e-01
  -1.6678200e-01
  -1.9870900e-01
  -2.5075300e-01
  -2.7972000e-01
  -2.8277400e-01
  -2.4059300e-01
  -2.1203800e-01
  -2.6223900e-01
  -3.3165700e-01
  -3.5763300e-01
  -3.4181600e-01
  -3.8184300e-01
  -4.5125700e-01
  -4.6588300e-01
  -4.6195600e-01
  -4.3279800e-01
  -4.4784900e-01
  -5.1548400e-01
  -5.6483200e-01
  -5.7047800e-01
  -5.0503500e-01
  -4.8059300e-01
  -5.2203200e-01
  -5.6091300e-01
  -6.2785300e-01
  -6.2702500e-01
  -5.0770600e-01
  -4.4472900e-01
  -4.6943500e-01
  -4.7037700e-01
  -4.8184400e-01
  -4.7790900e-01
  -3.5861200e-01
  -2.5311700e-01
  -2.5836900e-01
  -2.6337200e-01
  -2.3589900e-01
  -1.8015300e-01
  -9.5778000e-02
  -1.0149800e-01
  -1.5115400e-01
  -1.1746000e-01
  -4.7678000e-02
   2.6293000e-02
   9.0710000e-02
   1.6860200e-01
   2.2255700e-01
   2.0023700e-01
   2.0564800e-01
   2.5138500e-01
   2.7184500e-01
   2.8629900e-01
   3.1482300e-01
   3.0469500e-01
   3.2061900e-01
   4.0614300e-01
   4.4192700e-01
   4.2585000e-01
   3.7203800e-01
   3.5661900e-01
   4.1238900e-01
   4.3868800e-01
   4.2954800e-01
   3.6544400e-01
   3.3869900e-01
   4.3769200e-01
   5.3243800e-01
   5.1695200e-01
   4.6130700e-01
   4.5356500e-01
   4.8423000e-01
   5.2273300e-01
   5.1147600e-01
   5.0864700e-01
   5.5605600e-01
   5.5461600e-01
   4.6940400e-01
   3.3283400e-01
   2.5905000e-01
   2.7791900e-01
   2.8878500e-01
   2.6454500e-01
   2.0517100e-01
   1.1345800e-01
   9.9021000e-02
   1.5362500e-01
   9.2937000e-02
  -4.0461000e-02
  -1.2627100e-01
  -1.3226000e-01
  -1.0924600e-01
  -1.9214300e-01
  -2.8700500e-01
  -2.8288700e-01
  -2.2263000e-01
  -1.8853600e-01
  -2.2092300e-01
  -2.5777300e-01
  -3.0614400e-01
  -3.0863700e-01
  -2.8144500e-01
  -3.4550400e-01
  -4.3899800e-01
  -5.5403200e-01
  -6.0672300e-01
  -5.1899800e-01
  -4.4904600e-01
  -4.6953900e-01
  -5.5185000e-01
  -5.8597300e-01
  -5.2048400e-01
  -4.3549600e-01
  -3.6748800e-01
  -3.8429900e-01
  -4.9890800e-01
  -5.6219400e-01
  -5.1905900e-01
  -4.3587000e-01
  -3.4289700e-01
  -3.1638100e-01
  -3.4831000e-01
  -3.3919400e-01
  -2.3693800e-01
  -9.3690000e-02
  -3.4438000e-02
  -4.6865000e-02
  -1.0379300e-01
  -1.1653100e-01
  -3.6296000e-02
   2.3910000e-03
   3.9490000e-03
   2.0247000e-02
   6.9688000e-02
   1.3386600e-01
   1.6785100e-01
   2.0159800e-01
   2.4735100e-01
   3.2342200e-01
   4.0536700e-01
   4.4485900e-01
   4.1095800e-01
   3.4076900e-01
   3.7278400e-01
   4.5011900e-01
   4.8302300e-01
   4.9382400e-01
   4.7339100e-01
   4.7789400e-01
   5.2233000e-01
   5.9011700e-01
   6.1901900e-01
   5.6545100e-01
   5.3932600e-01
   5.3213300e-01
   5.1021200e-01
   5.2985600e-01
   5.7517300e-01
   5.9579900e-01
   5.7393700e-01
   4.9920100e-01
   4.2191500e-01
   4.4373000e-01
   5.0502000e-01
   5.1503200e-01
   4.3812000e-01
   3.1137900e-01
   2.3401500e-01
   1.6904300e-01
   1.2727800e-01
   1.4465700e-01
   1.3586600e-01
   8.7977000e-02
   9.3777000e-02
   9.6964000e-02
   8.1745000e-02
   1.3633700e-01
   1.2160700e-01
   2.1168000e-02
  -8.5581000e-02
  -1.5189000e-01
  -1.2262000e-01
  -1.1750800e-01
  -1.4014800e-01
  -1.8718700e-01
  -2.7315500e-01
  -2.7683500e-01
  -2.5901600e-01
  -2.8512200e-01
  -3.0233000e-01
  -3.3419000e-01
  -3.9052600e-01
  -4.5495000e-01
  -4.6877100e-01
  -4.3582600e-01
  -4.5427500e-01
  -5.0147500e-01
  -5.4588000e-01
  -5.6251500e-01
  -5.2421800e-01
  -5.1944800e-01
  -4.9808100e-01
  -4.2438000e-01
  -4.6413800e-01
  -5.7007800e-01
  -6.3462700e-01
  -6.2324000e-01
  -5.4373000e-01
  -5.3717300e-01
  -5.6792300e-01
  -5.9306600e-01
  -6.0691100e-01
  -5.0218400e-01
  -3.6564100e-01
  -3.2194000e-01
  -3.6655900e-01
  -4.3270500e-01
  -4.1380200e-01
  -3.1307300e-01
  -2.0837500e-01
  -1.6096000e-01
  -1.7509900e-01
  -1.7689000e-01
  -1.4910200e-01
  -1.2019800e-01
  -6.6239000e-02
   3.3424000e-02
   9.0904000e-02
   3.2527000e-02
  -1.8094000e-02
   6.7104000e-02
   1.8189700e-01
   2.3120800e-01
   2.1885600e-01
   1.3605200e-01
   1.2223400e-01
   1.7242900e-01
   2.3104000e-01
   3.1999900e-01
   2.8420000e-01
   2.0289000e-01
   2.6086300e-01
   3.9870000e-01
   4.2019000e-01
   3.0583700e-01
   2.7075900e-01
   3.1773900e-01
   3.6375000e-01
   3.6073200e-01
   3.0778200e-01
   3.4094100e-01
   4.3970800e-01
   5.2463200e-01
   5.4505600e-01
   4.8585800e-01
   4.9830300e-01
   5.4283000e-01
   5.1635600e-01
   4.9976800e-01
   4.5427000e-01
   3.9982300e-01
   4.0351000e-01
   3.7256700e-01
   3.2069700e-01
   2.8884800e-01
   3.1911700e-01
   4.0782600e-01
   3.5282600e-01
   1.8930100e-01
   1.5073500e-01
   2.3860600e-01
   2.9088500e-01
   2.4452100e-01
   1.1141700e-01
  -1.2948000e-02
   6.5870000e-03
   4.8123000e-02
   6.8337000e-02
   9.5505000e-02
   2.0999000e-02
  -5.7874000e-02
  -4.3859000e-02
  -5.6930000e-03
  -2.3433000e-02
  -1.2347500e-01
  -2.2854900e-01
  -3.1695500e-01
  -3.9355600e-01
  -4.2067900e-01
  -4.3022900e-01
  -4.1532100e-01
  -4.1965200e-01
  -4.7939300e-01
  -5.0394200e-01
  -4.8173700e-01
  -3.6915700e-01
  -3.3753700e-01
  -5.1090000e-01
  -5.8383700e-01
  -5.4064700e-01
  -4.8225600e-01
  -4.2433700e-01
  -4.6949000e-01
  -5.0432600e-01
  -4.2179800e-01
  -2.8668600e-01
  -2.3861900e-01
  -2.8875900e-01
  -3.0970400e-01
  -2.4837100e-01
  -1.2344000e-01
  -9.9819000e-02
  -1.9086800e-01
  -2.3621200e-01
  -2.0188900e-01
  -1.2624200e-01
  -7.5428000e-02
  -6.4640000e-02
  -6.6782000e-02
   1.5387000e-02
   1.1249700e-01
   9.1162000e-02
   7.5516000e-02
   8.2336000e-02
   7.6380000e-02
   9.3138000e-02
   1.0914800e-01
   1.1510700e-01
   1.3018800e-01
   1.7794200e-01
   2.3567800e-01
   2.6921800e-01
   2.9489100e-01
   3.5775200e-01
   4.5670500e-01
   4.9569300e-01
   4.2329400e-01
   3.6502100e-01
   3.6562500e-01
   3.9109400e-01
   4.4935000e-01
   4.5193300e-01
   4.2917800e-01
   4.3431600e-01
   4.5271700e-01
   5.0949100e-01
   5.1569300e-01
   4.8639500e-01
   4.5834700e-01
   3.8251100e-01
   3.6628900e-01
   3.7853400e-01
   3.2095900e-01
   2.7575300e-01
   2.6474500e-01
   2.6953100e-01
   2.8796300e-01
   3.3248300e-01
   3.6006900e-01
   2.8728600e-01
   1.7557500e-01
   8.6923000e-02
   4.0937000e-02
   1.1018000e-02
  -6.5053000e-02
  -1.4383600e-01
  -2.0246900e-01
  -1.9279700e-01
  -1.7368600e-01
  -2.6173100e-01
  -2.8051400e-01
  -2.2674600e-01
  -2.3146700e-01
  -2.4106700e-01
  -2.7526300e-01
  -3.5973400e-01
  -4.3620000e-01
  -3.8043700e-01
  -2.5090900e-01
  -2.2142100e-01
  -3.1165400e-01
  -4.5899500e-01
  -4.7620300e-01
  -3.5315000e-01
  -2.3522100e-01
  -2.2041600e-01
  -3.5865700e-01
  -4.6815400e-01
  -4.7659400e-01
  -4.0494600e-01
  -2.8274800e-01
  -3.2333100e-01
  -4.7133000e-01
  -5.4049200e-01
  -4.8616100e-01
  -3.4508000e-01
  -2.5183600e-01
  -2.2913100e-01
  -2.5185900e-01
  -2.2423800e-01
  -1.6889100e-01
  -1.2386000e-01
  -4.2108000e-02
  -1.0661200e-01
  -2.0748600e-01
  -2.0753600e-01
  -1.5851300e-01
  -4.7462000e-02
  -3.5222000e-02
  -4.0319000e-02
   4.3105000e-02
   4.8121000e-02
  -4.0284000e-02
  -1.3347700e-01
  -1.7367100e-01
  -1.6955100e-01
  -1.6467600e-01
  -1.5920900e-01
  -1.5175900e-01
  -1.3575700e-01
  -8.9435000e-02
  -3.7605000e-02
  -1.3114000e-02
   5.7822000e-02
   1.6416200e-01
   2.0603600e-01
   2.0058900e-01
   1.5930200e-01
   1.7977600e-01
   3.0586700e-01
   3.6521800e-01
   3.3479400e-01
   3.1766200e-01
   3.2188500e-01
   3.5866400e-01
   4.8850900e-01
   6.1974200e-01
   5.9130500e-01
   4.7958400e-01
   4.3188100e-01
   4.3942700e-01
   4.6201000e-01
   4.6959000e-01
   4.4701800e-01
   3.3886900e-01
   2.3667000e-01
   3.2568400e-01
   3.9934000e-01
   3.4734400e-01
   2.6335400e-01
   2.2401800e-01
   3.5058100e-01
   4.5763600e-01
   4.1152000e-01
   2.7689400e-01
   1.7750800e-01
   1.8142000e-01
   2.4045600e-01
   3.4967300e-01
   2.6678100e-01
   8.4969000e-02
   1.2591400e-01
   2.0713400e-01
   2.0328200e-01
   1.0572100e-01
  -1.7765000e-02
  -2.9961000e-02
  -5.4298000e-02
  -1.2737300e-01
  -1.1241300e-01
  -4.3787000e-02
  -8.5050000e-03
  -1.1518000e-02
  -8.9722000e-02
  -1.1307500e-01
  -2.0376000e-02
  -4.4041000e-02
  -1.4865100e-01
  -2.0261400e-01
  -2.4461800e-01
  -2.4196400e-01
  -1.9815600e-01
  -2.2461900e-01
  -3.1026700e-01
  -3.3450100e-01
  -3.5237900e-01
  -3.8143000e-01
  -4.1303100e-01
  -4.6808800e-01
  -4.0263000e-01
  -3.0411900e-01
  -3.2119000e-01
  -3.7656000e-01
  -4.5301800e-01
  -4.9757600e-01
  -4.3779200e-01
  -3.6600100e-01
  -3.4943800e-01
  -3.5622600e-01
  -3.8828300e-01
  -4.0522400e-01
  -3.5685200e-01
  -2.6119700e-01
  -1.6820200e-01
  -1.4442900e-01
  -2.0456200e-01
  -2.9408900e-01
  -2.9979400e-01
  -1.9033100e-01
  -8.1275000e-02
  -8.5577000e-02
  -1.6775600e-01
  -2.0128700e-01
  -1.1015600e-01
   7.8876000e-02
   1.7132500e-01
   9.9449000e-02
   1.0206000e-02
   1.3677000e-02
   1.2763200e-01
   2.3056000e-01
   2.2545600e-01
   1.8578500e-01
   2.0657500e-01
   2.3184500e-01
   2.6822400e-01
   3.4170800e-01
   3.1426900e-01
   2.5613100e-01
   2.7556500e-01
   3.4302400e-01
   4.2049100e-01
   3.9266700e-01
   3.5920800e-01
   4.3558800e-01
   4.8119500e-01
   4.8808600e-01
   5.1168500e-01
   4.9516000e-01
   4.6078200e-01
   4.5035800e-01
   4.4862800e-01
   4.3733100e-01
   3.7382000e-01
   3.0388200e-01
   2.6430400e-01
   2.2292200e-01
   2.0211700e-01
   1.8863000e-01
   1.8101200e-01
   1.6576700e-01
   1.6572500e-01
   2.5321300e-01
   3.2898800e-01
   3.3196500e-01
   2.7848500e-01
   1.5342600e-01
   1.2076500e-01
   1.7040300e-01
   8.1801000e-02
  -1.0430300e-01
  -2.4353700e-01
  -2.3220600e-01
  -1.5575900e-01
  -1.6208600e-01
  -2.3855100e-01
  -3.5854100e-01
  -4.3455100e-01
  -4.4109100e-01
  -4.3168600e-01
  -4.5216500e-01
  -5.3884800e-01
  -5.9717300e-01
  -5.0823900e-01
  -3.7009400e-01
  -3.7661300e-01
  -4.8567000e-01
  -5.5643600e-01
  -5.3418700e-01
  -4.8311000e-01
  -5.2392500e-01
  -5.8153700e-01
  -5.6298000e-01
  -5.0245200e-01
  -4.4150300e-01
  -4.2849900e-01
  -4.5026500e-01
  -4.4053400e-01
  -3.8179000e-01
  -3.2276500e-01
  -2.6834400e-01
  -1.8150100e-01
  -1.0534800e-01
  -6.4573000e-02
  -3.6466000e-02
  -2.4584000e-02
   1.8702000e-02
   7.5522000e-02
   6.9002000e-02
   2.1902000e-02
  -2.3687000e-02
  -4.2354000e-02
  -5.7039000e-02
  -7.5502000e-02
  -1.1484500e-01
  -2.0379200e-01
  -2.7616900e-01
  -3.0767800e-01
  -3.3032400e-01
  -3.5815400e-01
  -3.4806200e-01
  -3.2638700e-01
  -3.3059300e-01
  -3.1231100e-01
  -2.8623200e-01
  -1.9321200e-01
  -8.1146000e-02
  -2.6556000e-02
   1.3571000e-02
   1.7374000e-02
   6.6483000e-02
   1.1211600e-01
   1.1104600e-01
   1.4312900e-01
   1.6528100e-01
   2.2266600e-01
   3.1951900e-01
   3.8905300e-01
   3.8281800e-01
   3.6905700e-01
   4.9575200e-01
   5.9779500e-01
   5.8490700e-01
   6.0644500e-01
   6.4892800e-01
   6.7089800e-01
   6.1864100e-01
   5.2417900e-01
   5.0175600e-01
   5.2859300e-01
   5.9065400e-01
   6.2200500e-01
   6.0136000e-01
   6.2435300e-01
   6.5107300e-01
   6.3905500e-01
   6.1596100e-01
   5.6345900e-01
   5.2693900e-01
   5.3140800e-01
   4.8561600e-01
   4.2160400e-01
   4.3322500e-01
   4.8262900e-01
   5.2946600e-01
   5.3875100e-01
   4.5278300e-01
   3.6749000e-01
   3.8124600e-01
   4.0896200e-01
   3.8680400e-01
   3.2315200e-01
   2.4341500e-01
   1.8345400e-01
   1.4252400e-01
   9.9136000e-02
  -6.2400000e-04
  -1.2965500e-01
  -1.6919200e-01
  -1.7619000e-01
  -2.1783300e-01
  -2.8473200e-01
  -4.1787600e-01
  -5.0613500e-01
  -4.8509500e-01
  -4.2869600e-01
  -4.1379600e-01
  -5.3164900e-01
  -6.5640100e-01
  -6.5242500e-01
  -5.6992200e-01
  -4.7361800e-01
  -4.8247400e-01
  -5.6219600e-01
  -5.5704600e-01
  -4.9528000e-01
  -4.4128300e-01
  -4.2829800e-01
  -4.9722800e-01
  -5.7226700e-01
  -5.2555400e-01
  -4.2746400e-01
  -4.0383200e-01
  -4.2729700e-01
  -4.3892000e-01
  -3.9258300e-01
  -3.2569400e-01
  -2.9267600e-01
  -2.9008000e-01
  -3.5524900e-01
  -4.5728200e-01
  -4.4773000e-01
  -3.2387100e-01
  -2.6428500e-01
  -3.1992500e-01
  -3.6071100e-01
  -2.7113600e-01
  -1.1303300e-01
  -1.2181000e-02
   1.8981000e-02
   2.7035000e-02
   6.9424000e-02
   1.6243000e-01
   2.5462800e-01
   2.3926400e-01
   9.0882000e-02
   1.1527000e-02
   1.5626000e-01
   3.4200000e-01
   3.8347300e-01
   3.4694200e-01
   2.7908800e-01
   2.5021800e-01
   3.3336300e-01
   4.0493100e-01
   3.8302300e-01
   3.0569100e-01
   2.6286000e-01
   3.3302400e-01
   3.9602700e-01
   3.6975500e-01
   3.3288600e-01
   2.9003200e-01
   3.3013800e-01
   4.2080700e-01
   3.8139200e-01
   3.5768900e-01
   3.8027800e-01
   3.5755000e-01
   3.4118300e-01
   3.1732000e-01
   3.1252300e-01
   2.5846500e-01
   1.9572500e-01
   2.0011200e-01
   1.7641700e-01
   2.0505000e-01
   2.6286900e-01
   2.5594700e-01
   2.1870300e-01
   1.3616000e-01
   6.0377000e-02
   5.1563000e-02
   7.0769000e-02
   5.2336000e-02
  -3.2385000e-02
  -1.1751500e-01
  -1.4251100e-01
  -1.2838700e-01
  -1.5535200e-01
  -2.4453500e-01
  -3.3371500e-01
  -4.0150100e-01
  -4.1110200e-01
  -4.2003300e-01
  -4.8052200e-01
  -5.1941900e-01
  -5.3756000e-01
  -5.3599900e-01
  -5.2293800e-01
  -4.8660500e-01
  -4.3576200e-01
  -4.2171100e-01
  -4.1923900e-01
  -3.8162100e-01
  -3.0438800e-01
  -2.4906600e-01
  -1.8558700e-01
  -1.5235900e-01
  -2.0043200e-01
  -2.1025300e-01
  -1.6520300e-01
  -1.2159400e-01
  -1.4799100e-01
  -2.0666000e-01
  -1.4477200e-01
  -2.6500000e-04
   4.3434000e-02
  -3.1315000e-02
  -1.1292700e-01
  -1.1966200e-01
  -6.5174000e-02
  -8.4465000e-02
  -1.5892800e-01
  -2.0322600e-01
  -2.2226000e-01
  -1.9387100e-01
  -1.4637600e-01
  -1.2492600e-01
  -1.5708000e-01
  -1.7414300e-01
  -7.3863000e-02
   2.1759000e-02
  -2.6873000e-02
  -1.5184800e-01
  -1.9507100e-01
  -1.2860000e-01
  -3.4890000e-02
   6.8178000e-02
   7.9418000e-02
   2.5650000e-03
  -9.3100000e-04
   1.0917800e-01
   3.2228800e-01
   4.8312300e-01
   4.8816800e-01
   4.0203000e-01
   3.2127300e-01
   3.9692000e-01
   5.6287500e-01
   6.3919000e-01
   5.7075000e-01
   4.2564500e-01
   3.6701300e-01
   4.6883900e-01
   5.9962000e-01
   6.0384700e-01
   4.9914500e-01
   3.8485600e-01
   4.0477500e-01
   5.1491800e-01
   5.5672400e-01
   4.9346100e-01
   3.5677200e-01
   3.1312900e-01
   3.9927200e-01
   4.9537200e-01
   4.5354900e-01
   3.0245300e-01
   2.6648000e-01
   3.2941500e-01
   3.7943900e-01
   3.4694800e-01
   2.1494400e-01
   9.2706000e-02
   7.8687000e-02
   1.3646600e-01
   1.3015400e-01
   1.9883000e-02
  -5.9816000e-02
  -1.8893000e-02
   1.4767000e-02
   2.3616000e-02
   3.2206000e-02
  -1.7867000e-02
  -4.7263000e-02
  -7.9219000e-02
  -1.4579300e-01
  -1.9980900e-01
  -2.6029300e-01
  -2.9071900e-01
  -3.3446100e-01
  -4.3683000e-01
  -4.6927800e-01
  -4.0489900e-01
  -3.4090700e-01
  -3.0933500e-01
  -3.6444600e-01
  -4.7086700e-01
  -4.8384600e-01
  -4.6975500e-01
  -5.2308600e-01
  -5.7899800e-01
  -5.8898500e-01
  -5.4297800e-01
  -4.9158600e-01
  -4.7087200e-01
  -4.3778600e-01
  -4.2934600e-01
  -4.5975300e-01
  -4.6084400e-01
  -5.0498300e-01
  -6.2029600e-01
  -6.6536700e-01
  -6.3290000e-01
  -6.2121000e-01
  -5.9678600e-01
  -5.8554600e-01
  -6.3734800e-01
  -6.1163300e-01
  -5.3496900e-01
  -4.9568100e-01
  -4.2309700e-01
  -3.4866100e-01
  -2.6334900e-01
  -1.9705800e-01
  -2.2795300e-01
  -2.3625200e-01
  -1.9703800e-01
  -1.3759000e-01
  -8.9994000e-02
  -9.9115000e-02
  -9.2152000e-02
  -4.8683000e-02
   8.9468000e-02
   2.2584000e-01
   2.4142500e-01
   2.2061700e-01
   2.0594000e-01
   2.7833800e-01
   3.3939600e-01
   3.2703200e-01
   3.2855200e-01
   3.1131200e-01
   2.5668700e-01
  -8.6580000e-03
  -5.3815800e-01
  -1.1833710e+00
  -1.8492340e+00
  -2.3607730e+00
  -2.5581190e+00
  -2.3140240e+00
  -1.6919540e+00
  -8.3154900e-01
   2.9062100e-01
   1.5822920e+00
   2.8745420e+00
   3.9888720e+00
   4.8172610e+00
   5.3567480e+00
   5.5563860e+00
   5.4909010e+00
   5.1819590e+00
   4.4886160e+00
   3.5229390e+00
   2.4054300e+00
   1.1090200e+00
  -1.7425800e-01
  -1.3280070e+00
  -2.3490170e+00
  -3.1248080e+00
  -3.5555680e+00
  -3.5829630e+00
  -3.2938060e+00
  -2.7773610e+00
  -2.1424720e+00
  -1.4624770e+00
  -7.0348400e-01
  -2.4413000e-02
   4.5091600e-01
   7.6727100e-01
   9.5274900e-01
   1.0256060e+00
   1.0349690e+00
   9.2780100e-01
   6.1250600e-01
   1.9016200e-01
  -2.3100000e-01
  -6.3982500e-01
  -1.0999880e+00
  -1.5579840e+00
  -1.8629710e+00
  -2.0150000e+00
  -1.9993940e+00
  -1.8395050e+00
  -1.5355670e+00
  -1.0770310e+00
  -5.9401600e-01
  -1.4713600e-01
   2.3348500e-01
   5.3072300e-01
   8.0174000e-01
   1.0109440e+00
   1.0432330e+00
   9.2877100e-01
   6.9244300e-01
   4.3121400e-01
   2.9711300e-01
   1.6016900e-01
  -9.2597000e-02
  -4.4159400e-01
  -6.1714800e-01
  -4.7953300e-01
  -3.2130300e-01
  -2.1734300e-01
  -1.3481600e-01
  -2.4861000e-02
   1.7604200e-01
   3.9453400e-01
   5.8339000e-01
   6.6672000e-01
   6.4995100e-01
   5.8878400e-01
   4.7531400e-01
   3.2564800e-01
   1.5823400e-01
  -1.5647000e-02
  -2.4335200e-01
  -4.7030800e-01
  -5.9676500e-01
  -6.8439600e-01
  -6.7270800e-01
  -5.1610300e-01
  -3.4374000e-01
  -1.5430400e-01
   9.3789000e-02
   3.3657300e-01
   5.0956600e-01
   6.1589700e-01
   6.9786100e-01
   7.8781800e-01
   8.7312400e-01
   8.6562000e-01
   7.5943600e-01
   6.3345400e-01
   4.6830800e-01
   2.6911000e-01
   9.1479000e-02
  -3.4606000e-02
  -1.2313600e-01
  -2.1512700e-01
  -2.2051400e-01
  -1.4525900e-01
  -8.0141000e-02
   4.1352000e-02
   2.2506600e-01
   4.1027500e-01
   5.5994500e-01
   6.9258000e-01
   7.4783900e-01
   6.8151500e-01
   6.5945100e-01
   6.8266100e-01
   6.4461900e-01
   5.1442000e-01
   3.5737300e-01
   2.4886900e-01
   1.4754700e-01
   4.6931000e-02
  -1.2961900e-01
  -3.1762300e-01
  -3.9308000e-01
  -4.1799000e-01
  -4.0600900e-01
  -4.3924500e-01
  -4.3011700e-01
  -2.3195400e-01
  -5.7370000e-03
   1.1139900e-01
   8.9045000e-02
   8.8139000e-02
   2.3629200e-01
   3.6824200e-01
   3.6351600e-01
   2.1425800e-01
   7.6681000e-02
   5.5660000e-03
  -8.3946000e-02
  -1.0532000e-01
  -1.7905800e-01
  -3.2172400e-01
  -3.9648400e-01
  -4.9550300e-01
  -5.6959300e-01
  -6.3368600e-01
  -7.2830400e-01
  -7.6534100e-01
  -7.8124800e-01
  -7.5691800e-01
  -6.7493300e-01
  -5.9337300e-01
  -5.3470600e-01
  -4.6192400e-01
  -3.7682600e-01
  -3.7330800e-01
  -4.6184400e-01
  -5.9972400e-01
  -6.6412900e-01
  -6.4595300e-01
  -7.0251700e-01
  -8.1835000e-01
  -9.2684400e-01
  -9.5797200e-01
  -9.1405700e-01
  -8.6740000e-01
  -7.7552100e-01
  -6.3991400e-01
  -5.3573500e-01
  -4.6156500e-01
  -3.3235600e-01
  -1.7074200e-01
  -9.0119000e-02
  -6.6437000e-02
  -4.2733000e-02
  -2.8718000e-02
  -5.0990000e-03
   8.7310000e-03
  -1.9629000e-02
  -6.6588000e-02
  -1.1652200e-01
  -1.3840500e-01
  -1.2947700e-01
  -1.5970300e-01
  -2.5106500e-01
  -2.9588400e-01
  -2.5415100e-01
  -2.2288200e-01
  -2.1253700e-01
  -2.0208200e-01
  -1.6687800e-01
  -2.3381000e-02
   1.6244800e-01
   2.6104900e-01
   3.2586600e-01
   4.1881500e-01
   4.8919600e-01
   5.2468600e-01
   5.3828400e-01
   5.3302900e-01
   5.9447200e-01
   7.3735200e-01
   7.9782400e-01
   7.3338400e-01
   6.7145800e-01
   6.8875800e-01
   8.1108800e-01
   9.4404900e-01
   9.8210200e-01
   1.0267970e+00
   1.1152330e+00
   1.1465580e+00
   1.0972380e+00
   1.0157080e+00
   9.2133600e-01
   8.4292700e-01
   8.3776000e-01
   8.3750600e-01
   7.9636300e-01
   7.6710800e-01
   7.7412500e-01
   7.7414000e-01
   6.8435700e-01
   5.6152400e-01
   5.2431800e-01
   5.2651100e-01
   4.7625000e-01
   4.1766600e-01
   3.5560900e-01
   3.0521800e-01
   3.1818100e-01
   2.9465900e-01
   1.4047300e-01
  -7.1853000e-02
  -1.2559800e-01
  -9.2851000e-02
  -1.9083000e-01
  -3.3646900e-01
  -4.4532300e-01
  -4.1125000e-01
  -2.7362600e-01
  -2.4330800e-01
  -2.9229500e-01
  -3.5807400e-01
  -3.4167000e-01
  -1.6095900e-01
   4.2480000e-03
   2.9217000e-02
  -2.6792000e-02
  -6.6093000e-02
   1.2330000e-02
   1.6297000e-01
   1.8336100e-01
   4.2792000e-02
  -1.0626400e-01
  -2.2487800e-01
  -2.7972400e-01
  -2.5486900e-01
  -3.0468700e-01
  -4.5569600e-01
  -5.9138100e-01
  -6.6435000e-01
  -6.8305700e-01
  -7.3042500e-01
  -8.5649700e-01
  -1.0171010e+00
  -1.1292280e+00
  -1.1529120e+00
  -1.1594790e+00
  -1.1398500e+00
  -1.0451280e+00
  -9.3629400e-01
  -8.3019800e-01
  -7.0164100e-01
  -5.5304500e-01
  -3.8844300e-01
  -2.4426300e-01
  -1.5469400e-01
  -8.4650000e-02
  -1.4786000e-02
   2.4086000e-02
   1.5793000e-02
  -7.6730000e-03
   4.0950000e-03
   1.7906000e-02
  -2.2870000e-03
  -4.6650000e-02
  -7.5489000e-02
  -7.1774000e-02
  -9.7105000e-02
  -1.1356600e-01
  -1.5034100e-01
  -2.7120000e-01
  -3.6644200e-01
  -4.1918800e-01
  -4.2208500e-01
  -3.6086700e-01
  -2.5331100e-01
  -6.8966000e-02
   7.1350000e-02
   1.0274500e-01
   1.3911600e-01
   2.2166600e-01
   3.5283300e-01
   5.1430900e-01
   5.6279700e-01
   4.6019000e-01
   3.9431200e-01
   4.2566600e-01
   4.8368200e-01
   4.9622100e-01
   3.6080300e-01
   1.6667700e-01
   7.1199000e-02
   6.6856000e-02
   5.5166000e-02
  -5.0856000e-02
  -1.3759500e-01
  -1.1716100e-01
  -5.5912000e-02
   3.8473000e-02
   9.0379000e-02
   1.4582800e-01
   2.8469200e-01
   3.6475300e-01
   3.9009800e-01
   4.4642400e-01
   5.3404000e-01
   5.9367100e-01
   5.8778900e-01
   5.9041200e-01
   5.5424100e-01
   4.5924100e-01
   4.3548700e-01
   4.8954900e-01
   5.0053700e-01
   3.8963100e-01
   2.4328500e-01
   1.3956400e-01
   3.9844000e-02
  -3.9571000e-02
  -7.4965000e-02
  -1.0981600e-01
  -2.0111000e-01
  -3.0262100e-01
  -3.2142300e-01
  -2.7994800e-01
  -2.3696200e-01
  -2.5539100e-01
  -3.2862700e-01
  -3.4582200e-01
  -3.1697000e-01
  -3.2191200e-01
  -3.2937300e-01
  -3.5177900e-01
  -3.9389500e-01
  -3.2950100e-01
  -2.3174000e-01
  -2.0330000e-01
  -1.7900400e-01
  -1.8910900e-01
  -1.8291200e-01
  -1.1889900e-01
  -2.0146000e-02
   1.0921900e-01
   1.8501900e-01
   2.3094100e-01
   2.9039100e-01
   3.7900600e-01
   4.9300500e-01
   5.4418500e-01
   4.8143100e-01
   3.4466400e-01
   2.3590900e-01
   1.8879200e-01
   1.3305500e-01
  -3.8200000e-03
  -1.7227500e-01
  -2.8059500e-01
  -3.2722600e-01
  -3.3896200e-01
  -3.5071700e-01
  -3.6375700e-01
  -2.8662000e-01
  -1.1532200e-01
   1.7570000e-03
   6.8614000e-02
   1.7673000e-01
   2.8738300e-01
   3.9010500e-01
   4.2466400e-01
   3.1395600e-01
   1.9388200e-01
   1.3603800e-01
   1.0536800e-01
   7.5768000e-02
  -1.3837000e-02
  -1.4655800e-01
  -2.4836100e-01
  -2.2630700e-01
  -1.4949400e-01
  -9.7906000e-02
  -5.7289000e-02
  -9.3361000e-02
  -1.2385700e-01
  -1.0568400e-01
  -8.3053000e-02
  -6.1214000e-02
  -5.5130000e-02
   5.2862000e-02
   2.3224900e-01
   3.1210500e-01
   3.2906900e-01
   3.9753600e-01
   5.0264400e-01
   5.9229300e-01
   6.4837500e-01
   5.6844200e-01
   3.8586600e-01
   3.1224600e-01
   3.2192100e-01
   2.4497200e-01
   8.6527000e-02
  -5.7474000e-02
  -1.4391300e-01
  -2.0585100e-01
  -2.7119600e-01
  -3.3558500e-01
  -4.1459700e-01
  -4.5285000e-01
  -4.5015900e-01
  -4.8395400e-01
  -5.4674900e-01
  -5.6351300e-01
  -4.9449900e-01
  -4.6201700e-01
  -4.6881900e-01
  -4.3588600e-01
  -3.9141300e-01
  -2.8187000e-01
  -1.3781400e-01
  -7.4438000e-02
  -8.3010000e-03
   1.2785900e-01
   1.9588500e-01
   1.7459500e-01
   1.2481900e-01
   8.9367000e-02
   9.1282000e-02
   1.0983400e-01
   1.0132200e-01
  -2.2553000e-02
  -1.0695300e-01
  -6.6368000e-02
  -4.4060000e-03
   1.2777000e-02
  -7.7288000e-02
  -1.5936300e-01
  -1.6610800e-01
  -1.0730200e-01
  -5.3402000e-02
  -6.8528000e-02
  -9.5778000e-02
  -1.0491400e-01
  -5.9216000e-02
  -3.0180000e-02
  -3.3650000e-02
   4.3120000e-03
   4.6342000e-02
   6.7943000e-02
   9.3416000e-02
   1.1945300e-01
   1.4586800e-01
   1.8910000e-01
   1.9977700e-01
   1.8102200e-01
   2.1559800e-01
   3.1403500e-01
   3.4659700e-01
   2.8302100e-01
   2.6370700e-01
   2.8511900e-01
   3.5825300e-01
   4.4170700e-01
   3.9977600e-01
   3.1381500e-01
   2.7351500e-01
   3.1353900e-01
   3.6832900e-01
   3.1523200e-01
   2.1440000e-01
   1.4026400e-01
   6.9345000e-02
  -2.3156000e-02
  -1.1155400e-01
  -2.2511800e-01
  -3.3391700e-01
  -3.9419100e-01
  -4.4525000e-01
  -4.1583200e-01
  -3.1892100e-01
  -1.7920400e-01
  -4.4188000e-02
   8.7500000e-03
   6.7937000e-02
   1.2340800e-01
   2.1471500e-01
   3.5169500e-01
   3.9005400e-01
   3.5876400e-01
   2.9649100e-01
   2.3520000e-01
   2.1835400e-01
   2.3306900e-01
   2.6861100e-01
   1.9328000e-01
   5.7803000e-02
  -8.7140000e-03
  -9.5887000e-02
  -1.6172100e-01
  -2.2551700e-01
  -3.1973600e-01
  -3.4708500e-01
  -3.5520300e-01
  -3.8366400e-01
  -4.6987100e-01
  -5.7013800e-01
  -5.3849700e-01
  -4.3809600e-01
  -4.0806100e-01
  -4.1105200e-01
  -4.2973700e-01
  -4.3308200e-01
  -3.4331300e-01
  -3.2162200e-01
  -3.9363600e-01
  -4.1714400e-01
  -4.3040800e-01
  -4.3075300e-01
  -3.8920200e-01
  -3.8487400e-01
  -4.3198700e-01
  -4.6116000e-01
  -4.6954100e-01
  -4.0526900e-01
  -2.8705000e-01
  -2.2227400e-01
  -1.9027300e-01
  -2.4603400e-01
  -2.8951400e-01
  -1.3836400e-01
   3.5963000e-02
   1.1046400e-01
   9.9604000e-02
   4.5840000e-02
   8.0826000e-02
   1.7362600e-01
   2.2920400e-01
   2.2916200e-01
   1.7309400e-01
   1.2508600e-01
   1.3356800e-01
   1.6973100e-01
   1.3396700e-01
   7.9819000e-02
   1.6800300e-01
   3.0418000e-01
   3.6940400e-01
   3.9966000e-01
   4.3533700e-01
   4.7302600e-01
   5.1944400e-01
   4.9518600e-01
   3.6735300e-01
   3.4043500e-01
   4.2521500e-01
   4.7852300e-01
   4.0743800e-01
   2.9412800e-01
   2.7566500e-01
   2.6448200e-01
   3.1398000e-01
   3.6112200e-01
   2.7632100e-01
   1.8568800e-01
   1.7566700e-01
   2.5928500e-01
   2.8221100e-01
   2.2825200e-01
   2.4740400e-01
   2.8881100e-01
   3.2159000e-01
   3.0447900e-01
   2.4898500e-01
   3.1890700e-01
   4.5557000e-01
   5.0951000e-01
   4.7394200e-01
   3.9715700e-01
   3.3437300e-01
   3.2051200e-01
   3.3599100e-01
   2.4869300e-01
   1.1379200e-01
   7.8107000e-02
   1.0938200e-01
   1.7338700e-01
   1.6493200e-01
   9.7421000e-02
   9.6075000e-02
   1.4438800e-01
   2.0181000e-01
   1.5866600e-01
   3.2203000e-02
   8.8500000e-03
   6.3917000e-02
   4.1265000e-02
  -1.5465000e-02
   1.4038000e-02
   4.8845000e-02
   3.8623000e-02
  -3.9273000e-02
  -1.9559200e-01
  -2.6324700e-01
  -2.7045900e-01
  -3.1386100e-01
  -3.3464300e-01
  -3.5530900e-01
  -3.9379600e-01
  -4.0427300e-01
  -3.6747200e-01
  -3.1310300e-01
  -2.6210100e-01
  -1.9373600e-01
  -9.8649000e-02
   2.0578000e-02
   1.3801500e-01
   2.3020700e-01
   2.8153100e-01
   2.3931200e-01
   1.6456700e-01
   1.3623200e-01
   9.8561000e-02
   1.0928000e-02
  -1.3118600e-01
  -2.9087000e-01
  -4.1521000e-01
  -4.8373900e-01
  -5.6037600e-01
  -7.5026800e-01
  -9.9015700e-01
  -1.1256570e+00
  -1.1957430e+00
  -1.2928940e+00
  -1.3952060e+00
  -1.4767240e+00
  -1.4679250e+00
  -1.3589370e+00
  -1.1892270e+00
  -1.0498740e+00
  -1.0183630e+00
  -9.4564000e-01
  -7.6664700e-01
  -5.5499800e-01
  -3.6313900e-01
  -2.3683500e-01
  -1.4360200e-01
  -2.5888000e-02
   1.3662000e-01
   3.3405600e-01
   5.2430800e-01
   6.8138200e-01
   7.8618900e-01
   8.5262200e-01
   9.6156000e-01
   1.0342300e+00
   1.0372170e+00
   1.0759110e+00
   1.0759760e+00
   9.6134000e-01
   7.6947800e-01
   6.6444100e-01
   6.4301400e-01
   5.2383500e-01
   3.9136000e-01
   2.8058700e-01
   1.5722300e-01
   9.6177000e-02
  -1.3600000e-03
  -2.2323400e-01
  -4.5328100e-01
  -5.9671600e-01
  -6.6550600e-01
  -7.5012700e-01
  -8.6178400e-01
  -9.1614100e-01
  -8.8016100e-01
  -7.8118100e-01
  -6.7414300e-01
  -5.6293100e-01
  -4.6266100e-01
  -3.4223100e-01
  -1.8029000e-01
  -3.0500000e-03
   1.6959800e-01
   2.7587700e-01
   3.8529000e-01
   5.2746600e-01
   6.4673400e-01
   7.3416200e-01
   8.4071700e-01
   1.0032850e+00
   1.0955790e+00
   1.0975130e+00
   1.0563600e+00
   1.0156940e+00
   1.0392290e+00
   9.9276000e-01
   8.4453600e-01
   7.1317700e-01
   5.9995800e-01
   5.1196100e-01
   4.2167300e-01
   2.8887400e-01
   1.5557100e-01
   9.1736000e-02
   1.2261600e-01
   1.2622400e-01
  -1.2495000e-02
  -2.3458100e-01
  -3.4709200e-01
  -3.5220900e-01
  -3.9365000e-01
  -4.3784200e-01
  -4.8587400e-01
  -5.1862700e-01
  -4.8832500e-01
  -4.4005400e-01
  -4.0143400e-01
  -3.5117400e-01
  -2.9631100e-01
  -2.9661200e-01
  -3.2348900e-01
  -3.5978000e-01
  -3.8460800e-01
  -4.0406300e-01
  -4.2145600e-01
  -3.7886700e-01
  -3.8982800e-01
  -4.0345800e-01
  -3.0202300e-01
  -2.4825500e-01
  -2.4976400e-01
  -1.8706000e-01
  -1.3180600e-01
  -1.0096400e-01
  -2.7106000e-02
   2.3930000e-03
  -2.5490000e-02
   2.6010000e-03
   9.0309000e-02
   1.7791700e-01
   2.1471900e-01
   2.0366800e-01
   2.5026300e-01
   3.7507200e-01
   4.7747700e-01
   5.2750700e-01
   4.8324100e-01
   4.4610300e-01
   5.5522500e-01
   6.8368800e-01
   7.5809600e-01
   7.9301000e-01
   8.3878400e-01
   9.2876600e-01