  -1.0003600e-01
  -5.3594000e-02
  -7.1433000e-02
  -1.1754300e-01
  -1.0583100e-01
  -4.0535000e-02
  -5.9030000e-03
   3.4335000e-02
   2.8689000e-02
   2.0177000e-02
   2.5670000e-02
  -9.9964000e-02
  -1.4636600e-01
  -9.4280000e-02
  -1.8209400e-01
  -2.9358600e-01
  -3.5527300e-01
  -3.8135200e-01
  -3.7297900e-01
  -3.6727700e-01
  -3.2100300e-01
  -2.6450300e-01
  -2.4230300e-01
  -1.7680300e-01
  -3.5269000e-02
   8.5441000e-02
   1.4716700e-01
   1.2011200e-01
   3.9927000e-02
   3.1440000e-02
   1.7366000e-02
  -3.9923000e-02
  -2.3960000e-02
  -8.4320000e-03
  -1.2827300e-01
  -2.2320900e-01
  -2.3384200e-01
  -2.1733000e-01
  -1.5586700e-01
  -1.9278400e-01
  -2.1578600e-01
  -1.9675400e-01
  -2.7579100e-01
  -3.2086100e-01
  -3.0474400e-01
  -2.1488300e-01
  -1.3495900e-01
  -1.1407500e-01
  -5.5250000e-03
   1.2377800e-01
   1.7216800e-01
   1.9303000e-01
   2.6486700e-01
   3.0908200e-01
   2.8213100e-01
   2.3918700e-01
   2.0394200e-01
   2.4745600e-01
   2.5512800e-01
   1.9304400e-01
   2.0366400e-01
   2.4416500e-01
   2.3198300e-01
   2.2056600e-01
   2.7293300e-01
   3.1574300e-01
   2.9092500e-01
   2.3113600e-01
   2.5320600e-01
   3.3670100e-01
   3.5421000e-01
   3.6296500e-01
   3.9118300e-01
   4.0793700e-01
   3.5172000e-01
   2.6465400e-01
   2.6538700e-01
   2.6982200e-01
   2.2982300e-01
   1.5875100e-01
   1.0335900e-01
   9.2540000e-02
   5.3991000e-02
   4.9135000e-02
   1.1029500e-01
   1.5580600e-01
   1.1874100e-01
   3.5693000e-02
   3.8140000e-03
   4.6460000e-03
   3.4330000e-03
  -2.9300000e-04
   2.8386000e-02
   5.9556000e-02
   1.7696000e-02
  -5.0778000e-02
  -4.4989000e-02
   3.6010000e-03
  -1.7952000e-02
  -7.9040000e-02
  -1.1880800e-01
  -1.4805700e-01
  -2.2684100e-01
  -2.6712400e-01
  -1.8779600e-01
  -1.5810700e-01
  -1.8257800e-01
  -2.0630700e-01
  -2.2767700e-01
  -1.8592100e-01
  -1.7677900e-01
  -2.3725100e-01
  -2.4897200e-01
  -2.3931600e-01
  -2.9176800e-01
  -3.5468400e-01
  -3.6687500e-01
  -3.4829900e-01
  -3.7162600e-01
  -4.4477600e-01
  -4.4666600e-01
  -3.6228700e-01
  -3.2379200e-01
  -3.1417100e-01
  -2.4403600e-01
  -1.7606500e-01
  -1.7481400e-01
  -1.9694800e-01
  -2.0632300e-01
  -3.0526200e-01
  -6.8275100e-01
  -1.3730110e+00
  -2.2708550e+00
  -3.2594320e+00
  -4.1033410e+00
  -4.4989660e+00
  -4.2404360e+00
  -3.3170910e+00
  -1.9923630e+00
  -5.3892100e-01
   9.9479100e-01
   2.5078640e+00
   3.8441400e+00
   4.9767010e+00
   5.8777120e+00
   6.4009380e+00
   6.4095750e+00
   6.0218420e+00
   5.4035270e+00
   4.6114650e+00
   3.6117470e+00
   2.4813880e+00
   1.4377900e+00
   4.1167300e-01
  -5.4241500e-01
  -1.2740110e+00
  -1.8348720e+00
  -2.1991240e+00
  -2.4634730e+00
  -2.6399320e+00
  -2.6403240e+00
  -2.6469290e+00
  -2.7792090e+00
  -2.8982990e+00
  -2.9208040e+00
  -2.8545260e+00
  -2.6283500e+00
  -2.2626630e+00
  -1.8015330e+00
  -1.2677910e+00
  -8.2548100e-01
  -4.4892000e-01
   2.5590000e-02
   5.1597800e-01
   8.6596500e-01
   1.0495760e+00
   1.0958520e+00
   1.0586800e+00
   1.0256850e+00
   1.0422050e+00
   1.1516780e+00
   1.2937410e+00
   1.3432730e+00
   1.3426630e+00
   1.2879440e+00
   1.1914870e+00
   1.0662660e+00
   8.2316400e-01
   5.4447900e-01
   2.3964100e-01
  -1.7548300e-01
  -5.8876900e-01
  -8.7396300e-01
  -1.0817650e+00
  -1.2736380e+00
  -1.3869650e+00
  -1.3910370e+00
  -1.3335200e+00
  -1.2549200e+00
  -1.1387410e+00
  -9.2631000e-01
  -6.4201000e-01
  -3.9304900e-01
  -1.6093200e-01
   6.5926000e-02
   2.2002300e-01
   3.0895300e-01
   3.2564900e-01
   3.6776300e-01
   5.0739700e-01
   5.8188100e-01
   5.8084100e-01
   6.0704500e-01
   5.6562500e-01
   4.1806200e-01
   2.7961900e-01
   2.3154600e-01
   2.2604400e-01
   1.6755700e-01
   6.5285000e-02
   1.0444000e-02
  -1.2230000e-03
  -9.4962000e-02
  -1.4386200e-01
  -2.7927000e-02
   9.7264000e-02
   2.3804700e-01
   3.8076500e-01
   4.6929700e-01
   5.6821800e-01
   6.0224700e-01
   5.4898700e-01
   5.0823400e-01
   4.7082200e-01
   3.4456700e-01
   1.4193700e-01
  -4.8070000e-03
  -8.7387000e-02
  -1.9051500e-01
  -2.8190800e-01
  -2.3240600e-01
  -1.6119500e-01
  -2.3297400e-01
  -2.9295400e-01
  -3.1254800e-01
  -3.2044000e-01
  -2.4289700e-01
  -1.1344300e-01
   5.8413000e-02
   2.5637000e-01
   3.8621900e-01
   4.0951900e-01
   4.4639000e-01
   4.9062000e-01
   4.1089900e-01
   3.0783400e-01
   2.6996900e-01
   2.3869300e-01
   1.6658000e-01
   6.8602000e-02
  -6.5000000e-03
  -9.5018000e-02
  -2.2153800e-01
  -2.9027800e-01
  -2.3966600e-01
  -1.8887000e-01
  -1.7822600e-01
  -1.5067300e-01
  -1.3476100e-01
  -6.2940000e-02
   9.3610000e-03
   4.1822000e-02
   1.1846500e-01
   1.2411300e-01
   6.7477000e-02
   1.2290000e-02
   5.2000000e-05
   5.3529000e-02
   5.5141000e-02
   4.0000000e-06
  -5.4800000e-02
  -8.4675000e-02
  -1.2143100e-01
  -1.0223100e-01
   4.1616000e-02
   1.9871500e-01
   2.9543300e-01
   3.3458100e-01
   3.8859400e-01
   4.9048500e-01
   5.5235600e-01
   5.5413200e-01
   5.7984900e-01
   5.3721000e-01
   3.6563900e-01
   2.0483400e-01
   8.5820000e-02
  -1.4369000e-02
  -1.9019800e-01
  -4.5241800e-01
  -6.9139300e-01
  -8.9806700e-01
  -1.0625190e+00
  -1.1274920e+00
  -1.0958320e+00
  -1.0811110e+00
  -1.0728440e+00
  -1.0322880e+00
  -9.4300800e-01
  -7.2733500e-01
  -5.2132000e-01
  -3.5888400e-01
  -1.6047400e-01
  -4.6830000e-02
   7.1260000e-03
   6.3953000e-02
   1.0807400e-01
   1.4852600e-01
   1.2816100e-01
   8.5652000e-02
   6.9473000e-02
   3.1240000e-02
  -6.6946000e-02
  -1.6253800e-01
  -1.6646900e-01
  -1.1175600e-01
  -3.0633000e-02
   2.3487000e-02
   9.5064000e-02
   2.2994000e-01
   2.7628400e-01
   3.1091000e-01
   4.4381000e-01
   5.3626200e-01
   5.2116300e-01
   4.5516600e-01
   3.9498300e-01
   3.3747500e-01
   2.6097000e-01
   1.8549800e-01
   1.6774900e-01
   1.2934400e-01
  -3.4090000e-03
  -9.0614000e-02
  -9.4038000e-02
  -7.7342000e-02
  -5.3355000e-02
  -2.8293000e-02
  -4.9390000e-03
   1.5340000e-02
   1.7843000e-02
   3.9690000e-03
   7.0748000e-02
   1.5616900e-01
   1.5041800e-01
   1.2666100e-01
   7.1218000e-02
   1.7130000e-03
  -6.1764000e-02
  -1.5158400e-01
  -1.3751900e-01
  -4.1379000e-02
   2.4383000e-02
   8.8400000e-02
   1.4349700e-01
   2.0573800e-01
   2.4795800e-01
   2.5582400e-01
   3.0044300e-01
   3.5523900e-01
   3.4979200e-01
   3.0491100e-01
   3.1887800e-01
   3.4374500e-01
   3.0228300e-01
   2.8123600e-01
   2.7877900e-01
   2.4634300e-01
   1.3656200e-01
  -1.0605400e-01
  -3.5118100e-01
  -5.9679500e-01
  -8.7733600e-01
  -1.0357830e+00
  -1.0865520e+00
  -1.0725210e+00
  -1.0168570e+00
  -8.8424100e-01
  -6.1085600e-01
  -3.4212200e-01
  -1.0271500e-01
   1.4608200e-01
   4.3008600e-01
   7.3229800e-01
   9.0230400e-01
   1.0082730e+00
   1.1265500e+00
   1.1791130e+00
   1.0864580e+00
   8.5623000e-01
   5.9957500e-01
   3.3423100e-01
   9.8639000e-02
  -4.9068000e-02
  -1.1554800e-01
  -1.1439600e-01
  -6.0125000e-02
  -6.2220000e-03
   4.3543000e-02
   1.2288900e-01
   8.8811000e-02
  -2.3368000e-02
  -1.0017100e-01
  -1.9456700e-01
  -2.5638900e-01
  -3.2607000e-01
  -3.7762400e-01
  -3.6321900e-01
  -3.8624300e-01
  -3.5463800e-01
  -2.2851200e-01
  -4.7579000e-02
   1.6395800e-01
   3.5239100e-01
   5.7333300e-01
   7.4229400e-01
   8.0078100e-01
   8.1679900e-01
   8.0746700e-01
   7.6702500e-01
   5.7321800e-01
   2.6242700e-01
  -1.4874000e-02
  -3.0783900e-01
  -5.9804700e-01
  -7.7518500e-01
  -8.9026000e-01
  -9.9406600e-01
  -1.0971040e+00
  -1.2546450e+00
  -1.3545330e+00
  -1.3396890e+00
  -1.3186070e+00
  -1.2129530e+00
  -1.0122160e+00
  -8.2477700e-01
  -6.2446900e-01
  -4.0618200e-01
  -1.4001700e-01
   1.2429800e-01
   2.9117400e-01
   4.3688100e-01
   5.9820600e-01
   7.4595600e-01
   8.3234200e-01
   8.4938800e-01
   8.4083600e-01
   8.1388100e-01
   7.2025500e-01
   5.1969600e-01
   3.5637400e-01
   2.3547900e-01
   3.0254000e-02
  -1.8299300e-01
  -3.3312800e-01
  -4.1607000e-01
  -4.8729200e-01
  -5.1684300e-01
  -4.3731400e-01
  -3.6099500e-01
  -3.3058900e-01
  -2.8858200e-01
  -2.0681100e-01
  -6.8856000e-02
   5.6987000e-02
   1.6539100e-01
   3.4201600e-01
   4.7110000e-01
   5.0949100e-01
   5.5549700e-01
   5.9703000e-01
   6.1461700e-01
   5.2996800e-01
   4.1243000e-01
   3.6974500e-01
   3.0544300e-01
   2.3276800e-01
   1.7041100e-01
   1.2192600e-01
   1.4436900e-01
   8.3580000e-02
  -5.7760000e-02
  -9.1448000e-02
  -1.7561900e-01
  -3.4067100e-01
  -4.6392000e-01
  -6.1489200e-01
  -7.0570000e-01
  -7.4449700e-01
  -7.8016400e-01
  -6.8829900e-01
  -5.8229400e-01
  -5.7176300e-01
  -5.0767000e-01
  -3.4825700e-01
  -1.8341400e-01
  -2.1391000e-02
   1.0086100e-01
   1.3333000e-01
   1.3584100e-01
   7.3972000e-02
  -2.9951000e-02
  -4.6436000e-02
  -6.3625000e-02
  -1.0828900e-01
  -1.3848800e-01
  -1.1145300e-01
   1.8869000e-02
   1.0301400e-01
   1.5272300e-01
   2.0277600e-01
   1.6540800e-01
   8.5137000e-02
   2.4880000e-03
  -5.3910000e-02
  -8.7721000e-02
  -1.5424500e-01
  -2.3417500e-01
  -2.0530500e-01
  -9.5590000e-02
  -7.5477000e-02
  -6.8185000e-02
   1.9169000e-02
   7.3133000e-02
   8.5699000e-02
   1.4463500e-01
   2.4531800e-01
   3.4701300e-01
   3.6560600e-01
   3.1105200e-01
   3.1021700e-01
   3.0546800e-01
   2.3893800e-01
   1.8235700e-01
   1.5988300e-01
   1.3503800e-01
   7.0493000e-02
   2.0458000e-02
   3.0205000e-02
   6.7200000e-02
   6.9802000e-02
   7.5540000e-03
  -1.3482000e-02
  -2.5069000e-02
  -1.1796400e-01
  -1.5469300e-01
  -1.4138900e-01
  -9.3398000e-02
  -5.7235000e-02
  -9.2873000e-02
  -2.0440000e-02
   3.2394000e-02
   8.7170000e-03
   7.6950000e-02
   2.0229400e-01
   3.4336800e-01
   4.1528100e-01
   4.4150700e-01
   5.1461600e-01
   6.1088000e-01
   6.2907500e-01
   5.6224500e-01
   5.5435300e-01
   5.1336800e-01
   3.8430400e-01
   3.1831700e-01
   2.9360400e-01
   2.8836700e-01
   2.1273900e-01
   7.6528000e-02
   7.7657000e-02
   4.5583000e-02
  -8.8776000e-02
  -1.8772900e-01
  -2.6836700e-01
  -3.1584100e-01
  -3.7391600e-01
  -4.1874200e-01
  -3.9878900e-01
  -3.5863700e-01
  -3.5037000e-01
  -3.2642300e-01
  -2.0563800e-01
  -1.1521600e-01
  -9.1525000e-02
  -5.9144000e-02
  -3.4970000e-02
  -1.6727000e-02
  -2.3050000e-02
  -4.6691000e-02
  -2.4577000e-02
   6.9110000e-03
  -4.3300000e-03
   2.8175000e-02
   1.1310000e-01
   1.7912700e-01
   2.1074500e-01
   1.8377800e-01
   1.5090100e-01
   1.6153100e-01
   1.8132200e-01
   1.5970800e-01
   1.5228700e-01
   1.5741000e-01
   5.6184000e-02
  -3.2283000e-02
  -2.1292000e-02
   5.7850000e-02
   9.8164000e-02
   1.9665000e-02
   2.1264000e-02
   5.5655000e-02
   1.6074000e-02
   5.0483000e-02
   1.2468300e-01
   1.4340200e-01
   9.0916000e-02
  -1.1039000e-02
  -4.2016000e-02
  -1.0600000e-02
   3.0610000e-03
   6.1514000e-02
   1.3707500e-01
   1.4786900e-01
   1.3758900e-01
   1.4027900e-01
   1.6679300e-01
   2.0503600e-01
   1.8961100e-01
   1.4462100e-01
   1.3883400e-01
   1.6157000e-01
   1.7353100e-01
   1.5590000e-01
   1.3664800e-01
   7.2965000e-02
  -3.8868000e-02
  -7.9036000e-02
  -5.2518000e-02
  -2.9302000e-02
  -1.0772200e-01
  -2.9353800e-01
  -4.4558900e-01
  -5.7060600e-01
  -6.9044500e-01
  -7.6906200e-01
  -8.1339600e-01
  -8.1763000e-01
  -8.2024800e-01
  -7.8271300e-01
  -6.2261000e-01
  -4.0139900e-01
  -2.0496900e-01
  -7.0192000e-02
   6.1156000e-02
   1.8489600e-01
   2.2698800e-01
   2.8259500e-01
   3.4859100e-01
   3.5503400e-01
   3.2664600e-01
   2.7615800e-01
   3.0519000e-01
   3.4684300e-01
   2.8302800e-01
   2.4857900e-01
   2.2163100e-01
   2.0706100e-01
   2.3714900e-01
   2.1949900e-01
   2.9114900e-01
   3.3992600e-01
   2.0258200e-01
   8.1862000e-02
  -3.8860000e-03
  -7.7407000e-02
  -1.1632000e-01
  -2.0464400e-01
  -2.5208500e-01
  -2.4552900e-01
  -3.2648600e-01
  -3.8050800e-01
  -3.1817700e-01
  -2.6295900e-01
  -2.3683400e-01
  -1.9354800e-01
  -1.3793900e-01
  -8.4566000e-02
  -8.3291000e-02
  -1.1202300e-01
  -7.6085000e-02
  -3.1966000e-02
  -3.0279000e-02
  -3.2821000e-02
  -1.8837000e-02
   6.4190000e-03
  -2.3438000e-02
  -2.8123000e-02
   5.8525000e-02
   1.2798300e-01
   1.4078500e-01
   1.3175200e-01
   1.6253400e-01
   1.7541800e-01
   1.4122100e-01
   1.6702400e-01
   2.5496700e-01
   3.4347900e-01
   3.2012200e-01
   2.2527000e-01
   2.0267600e-01
   1.5336200e-01
   7.4379000e-02
   6.0196000e-02
   9.3025000e-02
   1.1692700e-01
   5.2176000e-02
   1.0894000e-02
   5.2253000e-02
   7.0888000e-02
   5.1048000e-02
   1.0969000e-02
  -1.3645000e-02
  -4.2249000e-02
  -1.0457500e-01
  -1.3328200e-01
  -1.1481900e-01
  -1.2331000e-01
  -1.7781100e-01
  -2.4556300e-01
  -2.7218600e-01
  -2.5833400e-01
  -2.8144700e-01
  -2.9029500e-01
  -2.3883600e-01
  -1.9135300e-01
  -1.2096700e-01
  -2.8274000e-02
   6.9991000e-02
   1.8288500e-01
   2.2086500e-01
   2.0666900e-01
   2.6358200e-01
   3.4530100e-01
   3.5149600e-01
   3.3355600e-01
   3.2895800e-01
   3.0368600e-01
   2.3678000e-01
   1.5573900e-01
   1.5678300e-01
   1.8752500e-01
   1.6379100e-01
   1.6141600e-01
   2.1340700e-01
   2.3103900e-01
   2.2480800e-01
   2.4251000e-01
   2.6328100e-01
   3.0077600e-01
   2.4971300e-01
   1.6278600e-01
   1.9102600e-01
   2.1889900e-01
   1.5871300e-01
   5.3958000e-02
  -2.6937000e-02
  -9.8607000e-02
  -1.9534300e-01
  -2.8210500e-01
  -3.1445100e-01
  -3.2046700e-01
  -3.9793300e-01
  -4.4946600e-01
  -3.9551600e-01
  -3.7747800e-01
  -3.8623300e-01
  -3.5194600e-01
  -3.1742800e-01
  -3.2953000e-01
  -4.0651000e-01
  -4.3877900e-01
  -3.9322000e-01
  -3.9070700e-01
  -4.5585600e-01
  -5.5982600e-01
  -6.3089300e-01
  -6.6517600e-01
  -7.3578900e-01
  -7.7642700e-01
  -7.4915900e-01
  -7.2536800e-01
  -7.8198000e-01
  -8.0648700e-01
  -6.6183800e-01
  -5.3408100e-01
  -4.6214700e-01
  -3.5691100e-01
  -3.0092600e-01
  -2.5898300e-01
  -1.9859400e-01
  -7.7743000e-02
   1.0976300e-01
   2.1223400e-01
   2.4301900e-01
   2.5755300e-01
   2.9761300e-01
   4.0134900e-01
   4.5559000e-01
   4.7453000e-01
   5.2803900e-01
   5.0636500e-01
   4.2820000e-01
   4.3175200e-01
   4.7058300e-01
   4.9752900e-01
   5.0462600e-01
   4.8149400e-01
   5.0844700e-01
   5.6440000e-01
   5.9501700e-01
   6.3900600e-01
   6.7462600e-01
   6.2176200e-01
   5.1839400e-01
   4.7488200e-01
   5.3367600e-01
   6.3973800e-01
   6.6197600e-01
   6.2447100e-01
   5.9736900e-01
   5.5395300e-01
   5.1840600e-01
   5.0544700e-01
   5.3615800e-01
   5.1110100e-01
   3.6369600e-01
   2.4953200e-01
   1.8160200e-01
   1.4941400e-01
   1.0499000e-01
  -2.4883000e-02
  -1.1145900e-01
  -2.2158000e-01
  -4.3323400e-01
  -5.6712000e-01
  -5.8135800e-01
  -5.7142600e-01
  -6.1811600e-01
  -6.9158500e-01
  -6.6908200e-01
  -6.4707300e-01
  -6.8496200e-01
  -6.4972300e-01
  -5.5522400e-01
  -4.5566000e-01
  -3.9413400e-01
  -3.7850300e-01
  -3.3591900e-01
  -3.0443300e-01
  -3.6700500e-01
  -4.3624100e-01
  -4.4026000e-01
  -4.7519400e-01
  -5.3370400e-01
  -5.4108100e-01
  -4.9624300e-01
  -4.4880300e-01
  -4.8143200e-01
  -5.3778800e-01
  -5.1023600e-01
  -4.1843900e-01
  -3.2947600e-01
  -2.3048800e-01
  -8.7096000e-02
   6.7610000e-03
   3.6743000e-02
   9.5395000e-02
   2.2638000e-01
   3.7556600e-01
   3.8926400e-01
   3.6727100e-01
   4.4138900e-01
   4.8867200e-01
   5.1972200e-01
   6.0501600e-01
   6.8425500e-01
   7.2661100e-01
   7.1222300e-01
   6.4484400e-01
   6.0448500e-01
   5.5926600e-01
   4.5084400e-01
   3.5499300e-01
   3.2274700e-01
   2.9961700e-01
   2.7160100e-01
   2.9314400e-01
   3.4379400e-01
   3.4967500e-01
   2.9282900e-01
   2.5341300e-01
   2.8400800e-01
   3.4859300e-01
   3.6924600e-01
   3.3417500e-01
   3.1841900e-01
   3.0169400e-01
   2.4672600e-01
   1.8712000e-01
   2.1396400e-01
   2.5903900e-01
   1.9582600e-01
   1.6430000e-01
   1.8155600e-01
   1.7925200e-01
   1.3215600e-01
   6.8636000e-02
   7.9649000e-02
   3.7330000e-03
  -1.5011200e-01
  -2.3895600e-01
  -2.5361700e-01
  -2.2948300e-01
  -2.8972300e-01
  -3.2673100e-01
  -2.8031100e-01
  -2.4327600e-01
  -2.3506100e-01
  -2.9943700e-01
  -3.2291700e-01
  -2.6911200e-01
  -2.7088900e-01
  -2.4633600e-01
  -1.3923000e-01
  -1.1894100e-01
  -1.7737300e-01
  -2.2738100e-01
  -2.5706500e-01
  -2.1442600e-01
  -2.0486400e-01
  -2.1929100e-01
  -1.6077700e-01
  -1.3656100e-01
  -1.6588300e-01
  -1.8900100e-01
  -1.4144500e-01
  -5.6921000e-02
  -3.4175000e-02
  -1.0476000e-02
   9.5742000e-02
   2.0661300e-01
   1.9597400e-01
   1.8545700e-01
   2.1711800e-01
   1.7277800e-01
   1.3338600e-01
   1.4692000e-01
   2.0088700e-01
   2.4218700e-01
   1.9414300e-01
   1.1977600e-01
   1.0551700e-01
   1.1220800e-01
   4.9882000e-02
  -4.1403000e-02
  -1.2314600e-01
  -2.3251000e-01
  -3.4605000e-01
  -3.9567300e-01
  -3.3258700e-01
  -2.3629500e-01
  -1.9139700e-01
  -1.6067100e-01
  -1.1214400e-01
  -4.4843000e-02
   3.4785000e-02
   1.3202700e-01
   2.2717400e-01
   2.9144400e-01
   2.4265300e-01
   1.2162800e-01
   9.7292000e-02
   8.9104000e-02
   6.4650000e-02
   3.9127000e-02
   1.4950000e-03
   2.2762000e-02
   4.1285000e-02
   7.1326000e-02
   1.0253200e-01
   7.0517000e-02
  -4.4680000e-03
  -8.3510000e-02
  -1.2657800e-01
  -1.7352100e-01
  -2.0798300e-01
  -2.2773900e-01
  -2.2851500e-01
  -2.1316200e-01
  -2.4341100e-01
  -2.4891700e-01
  -1.7810300e-01
  -1.0145200e-01
  -8.6463000e-02
  -7.4655000e-02
  -2.8806000e-02
  -9.5030000e-03
  -1.7323000e-02
  -5.9279000e-02
  -7.8844000e-02
  -8.1439000e-02
  -1.3528900e-01
  -1.2043800e-01
  -5.9243000e-02
  -5.2050000e-02
  -6.0949000e-02
  -8.1772000e-02
  -8.3110000e-02
  -7.3669000e-02
  -1.1026100e-01
  -1.4219300e-01
  -1.0221500e-01
  -9.0529000e-02
  -1.6368300e-01
  -2.2573200e-01
  -2.3790300e-01
  -1.8943900e-01
  -1.9923700e-01
  -2.5771200e-01
  -2.2502900e-01
  -2.6084700e-01
  -3.3612800e-01
  -2.8404700e-01
  -1.8689800e-01
  -7.8435000e-02
  -6.3080000e-03
   3.0279000e-02
   1.2032000e-01
   1.8271500e-01
   1.7094500e-01
   1.5986200e-01
   2.0256900e-01
   2.2855500e-01
   1.7567800e-01
   1.5267600e-01
   1.5575100e-01
   1.2519500e-01
   4.9451000e-02
  -1.2601000e-02
   9.2660000e-03
   1.3595000e-02
   4.6370000e-03
   5.9020000e-02
   1.6242300e-01
   2.4201700e-01
   2.2152600e-01
   1.7477000e-01
   1.8503200e-01
   1.4344400e-01
   3.3987000e-02
  -6.2290000e-03
   2.6520000e-03
   3.8030000e-03
  -2.3024000e-02
  -5.3282000e-02
  -4.5120000e-02
  -1.4993000e-02
  -5.0480000e-03
  -6.7850000e-03
   6.5255000e-02
   1.0384500e-01
   6.6669000e-02
   9.4772000e-02
   1.7247200e-01
   2.4559100e-01
   2.5503400e-01
   2.4664000e-01
   2.8554300e-01
   2.7449600e-01
   1.9654500e-01
   1.4763300e-01
   1.9655900e-01
   2.0679600e-01
   1.0441900e-01
   5.2310000e-03
  -6.9760000e-02
  -1.0047300e-01
  -1.1699100e-01
  -7.8193000e-02
   3.5684000e-02
   6.7407000e-02
   2.5936000e-02
  -3.2776000e-02
  -1.5325000e-02
   3.6551000e-02
  -1.1297000e-02
  -1.1117000e-02
   1.8317000e-02
   5.8150000e-03
  -2.5452000e-02
  -2.2890000e-02
   7.9138000e-02
   9.0626000e-02
   2.1298000e-02
  -1.0070000e-02
  -1.4414000e-02
   1.8480000e-03
  -2.5719000e-02
  -3.2421000e-02
   4.7630000e-03
  -9.2550000e-03
  -9.2326000e-02
  -1.2873300e-01
  -8.8820000e-02
  -1.1860100e-01
  -1.9533300e-01
  -2.4268700e-01
  -2.5192900e-01
  -2.4297600e-01
  -2.5567700e-01
  -1.8397500e-01
  -4.1059000e-02
   2.0256000e-02
   3.4239000e-02
   4.8179000e-02
   6.8153000e-02
   1.2879500e-01
   1.6652100e-01
   1.8296600e-01
   2.4852000e-01
   2.5928200e-01
   1.6610800e-01
   1.2330500e-01
   1.5237200e-01
   1.6837100e-01
   1.9593000e-01
   2.0728500e-01
   2.3322000e-01
   2.9038100e-01
   2.2580400e-01
   1.5362900e-01
   1.6836000e-01
   1.3276500e-01
   7.7092000e-02
   5.5647000e-02
   8.3329000e-02
   9.7098000e-02
   5.5612000e-02
   4.4613000e-02
   7.0248000e-02
   1.0803400e-01
   8.1610000e-02
   6.6892000e-02
   1.3392200e-01
   1.3398500e-01
   1.2976000e-01
   1.7279400e-01
   2.4496300e-01
   3.2371400e-01
   2.7674800e-01
   1.8133500e-01
   1.5763200e-01
   1.1071700e-01
  -1.0778000e-02
  -7.9580000e-02
  -7.7180000e-02
  -8.8155000e-02
  -1.2329900e-01
  -1.3445300e-01
  -8.4547000e-02
  -5.5082000e-02
  -4.7643000e-02
   9.2850000e-03
   9.5971000e-02
   1.5878600e-01
   1.8297900e-01
   2.0431700e-01
   2.4455800e-01
   2.5632100e-01
   1.7699700e-01
   1.1771100e-01
   1.2228300e-01
   6.0214000e-02
  -3.3820000e-03
  -2.2905000e-02
  -5.8580000e-02
  -1.1275200e-01
  -2.5962400e-01
  -3.7551400e-01
  -3.5890600e-01
  -3.9475900e-01
  -4.7768800e-01
  -5.3254100e-01
  -5.7938700e-01
  -5.9137500e-01
  -5.6100700e-01
  -5.0464700e-01
  -4.3207400e-01
  -4.2869600e-01
  -5.4005000e-01
  -6.0269100e-01
  -5.7853400e-01
  -5.5194900e-01
  -5.2921000e-01
  -5.2066600e-01
  -4.8530600e-01
  -4.8060600e-01
  -5.2879100e-01
  -5.2842600e-01
  -4.6749600e-01
  -3.9220100e-01
  -3.8380500e-01
  -3.4190000e-01
  -2.3403900e-01
  -1.7333900e-01
  -1.3610000e-01
  -1.1817100e-01
  -4.6946000e-02
   2.0069000e-02
   8.6820000e-03
   2.5376000e-02
   8.1717000e-02
   1.3654000e-01
   1.5459900e-01
   1.8107200e-01
   2.1913300e-01
   2.5441000e-01
   2.2160400e-01
   1.1189700e-01
   1.3853500e-01
   2.1512500e-01
   2.1145600e-01
   2.5485800e-01
   3.3048200e-01
   3.4927200e-01
   3.2864000e-01
   3.3649700e-01
   4.0525000e-01
   4.9171800e-01
   4.7615000e-01
   3.9718800e-01
   3.6620000e-01
   2.8940000e-01
   2.1835800e-01
   2.1131600e-01
   2.2497100e-01
   2.5311400e-01
   1.7279000e-01
   1.1807100e-01
   2.0406000e-01
   2.4898400e-01
   2.1663000e-01
   2.0642000e-01
   2.0113300e-01
   1.4855200e-01
   8.8837000e-02
   9.5870000e-03
  -1.8915000e-02
  -2.4299000e-02
  -1.2117500e-01
  -2.0377000e-01
  -2.2276500e-01
  -2.3817600e-01
  -2.7030000e-01
  -2.6441700e-01
  -2.2425900e-01
  -2.2121500e-01
  -2.7393800e-01
  -2.8689400e-01
  -1.6652500e-01
  -5.5124000e-02
  -3.2621000e-02
  -1.4754000e-02
  -1.1170000e-03
  -1.7046000e-02
  -3.8637000e-02
   2.5000000e-05
   1.0602000e-01
   1.6123100e-01
   1.3002300e-01
   9.0978000e-02
   6.7262000e-02
   4.3890000e-02
  -9.4790000e-03
  -7.7640000e-02
  -9.8092000e-02
  -6.9518000e-02
  -1.0106700e-01
  -1.5462200e-01
  -9.7788000e-02
  -7.6097000e-02
  -1.0153400e-01
  -3.7231000e-02
   7.9190000e-02
   1.7748200e-01
   2.0532900e-01
   2.5321700e-01
   3.5006300e-01
   3.9431800e-01
   3.7962800e-01
   3.7012800e-01
   4.2726400e-01
   4.1955900e-01
   3.0686900e-01
   2.4990500e-01
   2.5353700e-01
   2.9408500e-01
   2.9681700e-01
   2.6184600e-01
   2.9253900e-01
   2.5651300e-01
   1.4107100e-01
   1.0591000e-01
   1.4730500e-01
   1.9472800e-01
   2.1222400e-01
   2.3242900e-01
   2.6454900e-01
   2.4690400e-01
   1.7003800e-01
   1.3049200e-01
   1.6490400e-01
   1.6171000e-01
   1.1960500e-01
   1.0496300e-01
   1.2320300e-01
   1.5051700e-01
   9.1343000e-02
   1.0526000e-02
   1.4505000e-02
  -9.3300000e-04
  -5.6549000e-02
  -5.8008000e-02
  -2.3412000e-02
  -3.4797000e-02
  -8.5471000e-02
  -1.1385200e-01
  -8.5709000e-02
  -4.3501000e-02
  -4.3722000e-02
  -1.7713000e-02
   2.7657000e-02
   1.6454000e-02
  -7.1105000e-02
  -1.6686900e-01
  -1.6322400e-01
  -1.6993300e-01
  -2.4824100e-01
  -3.0793300e-01
  -3.2972600e-01
  -4.0685500e-01
  -5.1012700e-01
  -4.6436500e-01
  -3.5182400e-01
  -2.6575300e-01
  -2.3505500e-01
  -2.6416500e-01
  -2.5585800e-01
  -2.5179400e-01
  -2.8976100e-01
  -2.5525900e-01
  -1.3382300e-01
  -9.5382000e-02
  -1.1716600e-01
  -1.0662200e-01
  -9.2248000e-02
  -7.8131000e-02
  -1.0176300e-01
  -1.4135500e-01
  -1.5963700e-01
  -1.9867300e-01
  -2.7963700e-01
  -3.2306000e-01
  -2.9235300e-01
  -2.7309600e-01
  -2.9977000e-01
  -2.8883700e-01
  -1.7454800e-01
  -6.3899000e-02
  -3.0673000e-02
   2.9560000e-02
   1.3985600e-01
   1.9035400e-01
   1.6583900e-01
   1.3617200e-01
   1.1764600e-01
   7.2820000e-02
  -2.3358000e-02
  -1.2105800e-01
  -1.4641400e-01
  -1.3648000e-01
  -1.4143900e-01
  -1.0363500e-01
  -4.3523000e-02
  -1.9215000e-02
  -3.6738000e-02
  -7.9880000e-02
  -1.1081700e-01
  -1.3372200e-01
  -1.2074000e-01
  -5.5979000e-02
   2.9043000e-02
   6.3801000e-02
   1.2001000e-02
  -3.1147000e-02
   1.2276000e-02
   1.0952700e-01
   1.6339600e-01
   2.0726900e-01
   2.6182000e-01
   2.0707000e-01
   1.0617500e-01
   1.1799100e-01
   1.6700600e-01
   1.4326200e-01
   8.4899000e-02
   5.2430000e-03
   7.2650000e-03
   7.7992000e-02
   6.7860000e-02
   5.0279000e-02
   2.9048000e-02
  -7.3794000e-02
  -1.8797500e-01
  -2.2633000e-01
  -1.9832200e-01
  -1.5210100e-01
  -1.4273600e-01
  -1.4141900e-01
  -4.8684000e-02
   4.9553000e-02
   7.4661000e-02
   1.0647600e-01
   1.4847800e-01
   1.4154100e-01
   8.1168000e-02
   6.1862000e-02
   1.2755400e-01
   1.6243400e-01
   1.4906500e-01
   1.5148000e-01
   1.7056700e-01
   1.8024200e-01
   1.6095500e-01
   1.6357400e-01
   1.8569000e-01
   1.5529500e-01
   6.0612000e-02
  -1.4485000e-02
  -3.7192000e-02
  -8.2016000e-02
  -1.3676700e-01
  -1.5024900e-01
  -1.3732500e-01
  -1.2898400e-01
  -8.6528000e-02
   2.7005000e-02
   1.5380600e-01
   1.7074400e-01
   4.1279000e-02
  -4.2841000e-02
  -3.9983000e-02
  -6.9118000e-02
  -8.4763000e-02
  -6.5817000e-02
  -4.3989000e-02
  -3.2690000e-02
  -1.3462000e-02
   6.1841000e-02
   1.7660600e-01
   2.3623400e-01
   1.9565100e-01
   1.7804700e-01
   1.8839100e-01
   1.5781100e-01
   1.3695600e-01
   1.1254200e-01
   8.5128000e-02
   2.8400000e-03
  -1.3508400e-01
  -1.9073100e-01
  -1.7020000e-01
  -1.3479900e-01
  -1.2907500e-01
  -1.5914400e-01
  -1.7320700e-01
  -1.4057000e-01
  -1.0716400e-01
  -6.0892000e-02
   5.5905000e-02
   9.8929000e-02
   5.0891000e-02
   6.8191000e-02
   1.5386400e-01
   2.3642900e-01
   3.0047800e-01
   3.6267100e-01
   3.9241700e-01
   3.6077400e-01
   2.4862800e-01
   2.0310900e-01
   3.0044600e-01
   3.1985300e-01
   2.7437300e-01
   2.7418800e-01
   3.0543200e-01
   3.7381300e-01
   4.3860800e-01
   5.0899500e-01
   5.5237200e-01
   5.2275100e-01
   4.8849000e-01
   4.9077700e-01
   5.0682200e-01
   4.8236400e-01
   3.9423400e-01
   2.7073700e-01
   1.6604500e-01
   1.2381100e-01
   9.4190000e-02
   1.0064800e-01
   1.6435400e-01
   1.3951900e-01
   4.7455000e-02
  -4.7897000e-02
  -1.1937400e-01
  -1.1546200e-01
  -1.7738600e-01
  -2.4720200e-01
  -2.3041200e-01
  -2.7630200e-01
  -3.1261000e-01
  -2.4635000e-01
  -1.6987100e-01
  -1.3540500e-01
  -1.6689700e-01
  -2.0916800e-01
  -1.7428200e-01
  -1.5495100e-01
  -2.0771900e-01
  -2.5139700e-01
  -2.6542700e-01
  -3.1048200e-01
  -4.0914400e-01
  -4.5295500e-01
  -4.4577600e-01
  -4.6667400e-01
  -5.4641200e-01
  -6.2148400e-01
  -5.6122800e-01
  -5.1898000e-01
  -5.4506700e-01
  -5.2110400e-01
  -5.2711200e-01
  -5.6708600e-01
  -5.9616000e-01
  -5.4767100e-01
  -3.9067300e-01
  -2.8245000e-01
  -2.8430700e-01
  -2.8349600e-01
  -2.4912400e-01
  -2.4341700e-01
  -2.4345400e-01
  -2.4350200e-01
  -2.7721000e-01
  -3.2081800e-01
  -4.0389200e-01
  -4.4749000e-01
  -3.6654500e-01
  -3.5681200e-01
  -4.1077200e-01
  -3.7336900e-01
  -2.9999500e-01
  -1.9519900e-01
  -8.4201000e-02
   1.4856000e-02
   1.5388600e-01
   2.2883600e-01
   1.6364100e-01
   1.4621400e-01
   2.2331500e-01
   2.1213600e-01
   1.5505500e-01
   1.1800900e-01
   1.0306000e-01
   1.5847800e-01
   1.9822000e-01
   2.5552200e-01
   3.6628200e-01
   3.3256300e-01
   1.9569900e-01
   1.4940600e-01
   1.6587300e-01
   1.6809700e-01
   1.8075100e-01
   2.3430500e-01
   2.8776300e-01
   3.3792500e-01
   3.8006200e-01
   4.2898200e-01
   5.0904100e-01
   5.0959800e-01
   4.2221300e-01
   3.8911400e-01
   3.9631600e-01
   3.5001400e-01
   2.7423100e-01
   1.7925100e-01
   8.2654000e-02
  -3.2239000e-02
  -1.4653500e-01
  -1.3325000e-01
  -8.2972000e-02
  -8.3784000e-02
  -1.1968200e-01
  -1.6235100e-01
  -1.5389400e-01
  -1.6448700e-01
  -1.9983700e-01
  -2.0679900e-01
  -1.9018700e-01
  -1.8986100e-01
  -2.3291000e-01
  -2.4061900e-01
  -1.8731600e-01
  -1.5738000e-01
  -2.1548300e-01
  -2.6558900e-01
  -2.3433300e-01
  -2.3377400e-01
  -2.4219000e-01
  -1.9999600e-01
  -1.0707300e-01
  -1.5496000e-02
  -1.8995000e-02
   2.3543000e-02
   1.1271900e-01
   1.2698800e-01
   7.2614000e-02
   3.5196000e-02
   1.2192900e-01
   1.1286700e-01
   5.4129000e-02
   1.1873900e-01
   1.2396500e-01
   1.2379400e-01
   1.0996400e-01
   7.4400000e-02
   1.2898300e-01
   1.5899100e-01
   1.8748300e-01
   2.3812200e-01
   2.4262900e-01
   2.3504200e-01
   1.9995500e-01
   1.6464200e-01
   1.9029300e-01
   1.8996100e-01
   1.2311400e-01
   1.1475900e-01
   1.5811300e-01
   1.6537400e-01
   1.7976000e-01
   2.2851000e-01
   2.5706000e-01
   2.5924600e-01
   2.5065100e-01
   2.3481100e-01
   2.6631300e-01
   2.7276400e-01
   2.0802700e-01
   1.9815900e-01
   2.1379000e-01
   1.7442600e-01
   1.2436800e-01
   1.0189200e-01
   1.2452300e-01
   1.1995900e-01
   4.7854000e-02
   3.5048000e-02
   5.0559000e-02
   7.7830000e-03
  -4.9185000e-02
  -8.3584000e-02
  -1.0418900e-01
  -1.6257800e-01
  -1.9602300e-01
  -1.6858400e-01
  -8.4754000e-02
   6.2650000e-03
  -4.4800000e-04
  -1.5850000e-03
   3.4434000e-02
   3.4133000e-02
  -3.0050000e-03
  -4.9353000e-02
  -4.2788000e-02
  -1.3744000e-02
  -2.6197000e-02
   1.7700000e-03
   9.7934000e-02
   9.7201000e-02
   3.0614000e-02
   7.8540000e-03
  -1.4122000e-02
  -4.2784000e-02
  -9.3320000e-02
  -1.4156300e-01
  -1.5644400e-01
  -2.0718100e-01