  -1.2404500e-01
  -8.9993000e-02
  -8.0679000e-02
  -8.4816000e-02
  -7.4556000e-02
  -6.6116000e-02
  -6.0230000e-02
  -4.9357000e-02
  -2.9680000e-02
  -2.7304000e-02
  -4.0894000e-02
  -6.2868000e-02
  -8.5417000e-02
  -8.3340000e-02
  -9.6703000e-02
  -1.2515600e-01
  -1.4337500e-01
  -1.3561100e-01
  -1.2609700e-01
  -1.5270800e-01
  -1.4259000e-01
  -1.2729600e-01
  -1.3536600e-01
  -1.2015700e-01
  -9.7494000e-02
  -6.2998000e-02
  -8.0427000e-02
  -8.0336000e-02
  -3.7529000e-02
  -6.7657000e-02
  -7.5697000e-02
  -8.4377000e-02
  -1.0690100e-01
  -9.9569000e-02
  -1.0377100e-01
  -9.5528000e-02
  -1.0620300e-01
  -6.6675000e-02
  -2.9842000e-02
  -4.5597000e-02
  -1.6983000e-02
  -1.4374000e-02
   3.0596000e-02
   9.8408000e-02
   9.9573000e-02
   1.0987700e-01
   1.2014400e-01
   1.5448400e-01
   1.5906700e-01
   1.4751800e-01
   1.9550500e-01
   1.9504800e-01
   1.8460300e-01
   2.0680500e-01
   2.1885100e-01
   2.2919300e-01
   2.0731800e-01
   1.8082500e-01
   1.8697800e-01
   1.9462400e-01
   1.8694500e-01
   1.6353600e-01
   1.2741100e-01
   1.2959900e-01
   1.3961800e-01
   1.1441600e-01
   1.1662700e-01
   1.1230300e-01
   6.5113000e-02
   4.0661000e-02
   6.5392000e-02
   6.0553000e-02
   3.9008000e-02
   6.4347000e-02
   4.5828000e-02
   4.0377000e-02
   8.8465000e-02
   8.1429000e-02
   8.2625000e-02
   1.0723900e-01
   1.2273800e-01
   1.3374200e-01
   1.1535700e-01
   1.0294400e-01
   9.6510000e-02
   1.0141800e-01
   1.0053300e-01
   6.7297000e-02
   3.4979000e-02
   1.7537000e-02
   1.3878000e-02
  -2.5047000e-02
  -5.6383000e-02
  -4.3233000e-02
  -5.6280000e-02
  -8.1092000e-02
  -8.5075000e-02
  -7.3093000e-02
  -7.6723000e-02
  -1.0840400e-01
  -9.1123000e-02
  -3.6584000e-02
  -5.1307000e-02
  -8.7631000e-02
  -7.6709000e-02
  -4.9997000e-02
  -3.4446000e-02
  -4.1253000e-02
  -4.9321000e-02
  -4.8490000e-02
  -6.4252000e-02
  -6.4958000e-02
  -1.3158000e-02
  -1.2006000e-02
  -3.4885000e-02
  -2.5190000e-03
  -4.4970000e-03
  -2.7800000e-03
   1.1786000e-02
   7.2850000e-03
   3.4566000e-02
   8.2547000e-02
   9.8088000e-02
   6.4397000e-02
   6.9495000e-02
   9.2629000e-02
   1.0312400e-01
   1.2308000e-01
   9.9358000e-02
   9.3974000e-02
   9.9044000e-02
   9.5616000e-02
   1.1060800e-01
   6.4181000e-02
   5.4730000e-02
   8.1256000e-02
   5.0387000e-02
   7.2041000e-02
   8.6093000e-02
   8.1500000e-02
   1.0729700e-01
   1.0134400e-01
   1.1928300e-01
   1.3336300e-01
   1.2212300e-01
   1.2372100e-01
   1.2859600e-01
   1.3371000e-01
   1.0036400e-01
   7.2019000e-02
   7.1786000e-02
   5.3157000e-02
   5.3405000e-02
   4.8036000e-02
   3.3406000e-02
   2.4322000e-02
  -1.7959000e-02
  -1.1786000e-02
  -1.9099000e-02
  -5.7795000e-02
  -5.0782000e-02
  -8.2007000e-02
  -1.0871400e-01
  -1.4115000e-01
  -1.8150800e-01
  -1.7307900e-01
  -1.7192900e-01
  -1.6068000e-01
  -1.6929500e-01
  -1.9005300e-01
  -1.7608700e-01
  -1.9445300e-01
  -2.0529600e-01
  -1.8919300e-01
  -2.1424800e-01
  -2.2737800e-01
  -2.0452600e-01
  -1.7417000e-01
  -1.3822200e-01
  -1.2480200e-01
  -1.2614300e-01
  -1.1025300e-01
  -9.2114000e-02
  -1.1429500e-01
  -1.3373600e-01
  -1.1297100e-01
  -1.1740900e-01
  -1.5408200e-01
  -1.7987100e-01
  -1.8032900e-01
  -1.8418600e-01
  -1.8619200e-01
  -1.5917100e-01
  -1.4059900e-01
  -1.1122800e-01
  -8.7060000e-02
  -7.9634000e-02
  -2.9435000e-02
  -2.4054000e-02
  -5.3628000e-02
  -3.0095000e-02
  -3.8281000e-02
  -4.1911000e-02
  -1.0596000e-02
  -2.0030000e-02
  -1.5557000e-02
  -1.6127000e-02
  -3.5935000e-02
  -1.2494000e-02
   3.4560000e-03
  -3.8610000e-03
   3.7740000e-03
   1.2151000e-02
   2.0263000e-02
   3.4231000e-02
   1.7364000e-02
   1.5895000e-02
   4.8156000e-02
   5.1464000e-02
   4.9961000e-02
   4.4368000e-02
   5.2497000e-02
   7.8296000e-02
   6.1132000e-02
   4.5187000e-02
   7.3646000e-02
   1.0004600e-01
   8.3955000e-02
   5.8315000e-02
   7.8256000e-02
   9.8970000e-02
   8.8201000e-02
   1.0008600e-01
   1.1317000e-01
   1.1818300e-01
   1.3015500e-01
   1.0537500e-01
   8.5386000e-02
   9.1692000e-02
   9.4162000e-02
   9.0065000e-02
   6.6444000e-02
   8.2716000e-02
   1.2045800e-01
   1.0536400e-01
   9.7633000e-02
   1.0916500e-01
   1.3456900e-01
   1.5043000e-01
   1.1640900e-01
   9.9132000e-02
   9.0973000e-02
   9.1358000e-02
   1.2171900e-01
   1.1066000e-01
   5.1531000e-02
   4.0468000e-02
   5.8832000e-02
   4.9646000e-02
   6.8134000e-02
   4.0407000e-02
   3.2064000e-02
   8.0465000e-02
   5.1762000e-02
   3.7872000e-02
   3.8979000e-02
   3.7048000e-02
   2.7286000e-02
   1.0183000e-02
   2.2858000e-02
  -1.2882000e-02
  -5.1018000e-02
  -5.9544000e-02
  -4.9927000e-02
  -4.6865000e-02
  -7.7301000e-02
  -7.8566000e-02
  -7.3175000e-02
  -6.5147000e-02
  -7.6033000e-02
  -1.0359200e-01
  -5.7856000e-02
  -4.8456000e-02
  -7.8733000e-02
  -5.7424000e-02
  -5.7371000e-02
  -6.1685000e-02
  -7.0188000e-02
  -8.7141000e-02
  -6.1134000e-02
  -4.0794000e-02
  -6.9851000e-02
  -7.6807000e-02
  -5.4327000e-02
  -7.4175000e-02
  -9.1205000e-02
  -7.6708000e-02
  -7.2777000e-02
  -9.4309000e-02
  -1.0787600e-01
  -1.0391600e-01
  -9.7889000e-02
  -8.1604000e-02
  -1.0027700e-01
  -1.1308600e-01
  -7.0528000e-02
  -4.7495000e-02
  -2.9752000e-02
  -2.2180000e-03
   5.8270000e-03
   3.1605000e-02
   3.2543000e-02
   6.1690000e-03
   2.9648000e-02
   3.8119000e-02
   1.7470000e-02
   1.6577000e-02
   7.6410000e-03
   1.3207000e-02
   2.1384000e-02
   1.2421000e-02
   2.5397000e-02
   3.4516000e-02
   5.1808000e-02
   7.3756000e-02
   6.6946000e-02
   8.3519000e-02
   1.0645300e-01
   1.2064400e-01
   1.2704100e-01
   9.1273000e-02
   6.5094000e-02
   6.2006000e-02
   4.1043000e-02
   1.6432000e-02
  -5.5500000e-03
  -2.2457000e-02
  -2.1032000e-02
  -3.5825000e-02
  -3.9690000e-02
   9.5400000e-04
   1.7806000e-02
   1.8713000e-02
   3.3833000e-02
   4.9801000e-02
   5.8735000e-02
   5.2674000e-02
   5.3282000e-02
   4.7070000e-02
   5.0547000e-02
   4.5329000e-02
  -6.2590000e-03
  -2.0257000e-02
  -2.3244000e-02
  -2.3685000e-02
   1.6000000e-05
  -6.6410000e-03
  -1.8800000e-03
  -4.7180000e-03
  -7.4080000e-03
   2.2526000e-02
   3.8237000e-02
   3.1110000e-02
   1.3352000e-02
  -9.3200000e-04
  -1.9640000e-03
   2.2700000e-02
  -8.6090000e-03
  -6.1252000e-02
  -3.9424000e-02
  -5.2522000e-02
  -9.7747000e-02
  -9.9643000e-02
  -8.1889000e-02
  -8.9305000e-02
  -1.2648900e-01
  -1.4290500e-01
  -1.1962400e-01
  -9.8228000e-02
  -1.1389700e-01
  -1.1482200e-01
  -9.6521000e-02
  -7.9946000e-02
  -5.5991000e-02
  -6.7413000e-02
  -6.9932000e-02
  -4.7979000e-02
  -7.2883000e-02
  -5.9854000e-02
  -5.7800000e-03
  -2.1228000e-02
  -4.8781000e-02
  -5.6411000e-02
  -5.1433000e-02
  -3.4024000e-02
  -5.5278000e-02
  -8.0222000e-02
  -4.7200000e-02
  -1.8363000e-02
  -5.0481000e-02
  -5.2051000e-02
  -3.8420000e-03
   5.3150000e-03
   6.1880000e-03
   3.0862000e-02
   5.9953000e-02
   7.2677000e-02
   2.8668000e-02
   2.9471000e-02
   5.7405000e-02
   8.6240000e-03
  -1.6013000e-02
  -2.4365000e-02
  -4.3622000e-02
  -5.4692000e-02
  -7.0960000e-02
  -7.7233000e-02
  -7.9011000e-02
  -4.7885000e-02
  -4.0028000e-02
  -5.9283000e-02
  -4.1427000e-02
  -3.3406000e-02
  -3.7410000e-03
   1.0240000e-02
  -1.3984000e-02
   8.1530000e-03
  -2.2950000e-03
  -1.8222000e-02
   4.3540000e-03
  -5.6140000e-03
  -1.7451000e-02
   7.2360000e-03
   3.9611000e-02
   3.0124000e-02
   2.6542000e-02
   1.5069000e-02
   6.6790000e-03
   5.1383000e-02
   5.5305000e-02
   4.4137000e-02
   3.2800000e-02
   2.8020000e-02
   5.5650000e-02
   4.4734000e-02
   5.9532000e-02
   9.6631000e-02
   1.0771700e-01
   1.2285900e-01
   1.2368300e-01
   1.6756600e-01
   1.9284600e-01
   1.7735400e-01
   2.3216400e-01
   2.5429100e-01
   2.2825600e-01
   2.1854200e-01
   2.1833700e-01
   2.5681600e-01
   2.4698600e-01
   1.9910000e-01
   2.1551500e-01
   2.3517000e-01
   2.1536400e-01
   1.8025700e-01
   1.8040800e-01
   1.9519400e-01
   1.6667700e-01
   1.5805800e-01
   1.7103300e-01
   1.7058100e-01
   1.4159000e-01
   1.0225300e-01
   1.3102100e-01
   1.4989600e-01
   1.1403600e-01
   1.0040800e-01
   9.0509000e-02
   9.2769000e-02
   9.3826000e-02
   4.7758000e-02
   3.4610000e-03
  -1.1065000e-02
  -1.7928000e-02
  -4.3301000e-02
  -6.3683000e-02
  -8.6674000e-02
  -1.3618900e-01
  -1.5403400e-01
  -1.6153900e-01
  -1.8259100e-01
  -2.1553500e-01
  -2.6630200e-01
  -2.5646400e-01
  -2.5323100e-01
  -2.9063600e-01
  -2.8353300e-01
  -2.9397200e-01
  -2.8493700e-01
  -2.4464800e-01
  -2.4218400e-01
  -2.3064400e-01
  -2.2001300e-01
  -2.2389400e-01
  -2.2797800e-01
  -2.1423900e-01
  -1.9972200e-01
  -2.0388000e-01
  -1.8468500e-01
  -1.6922600e-01
  -1.7917500e-01
  -2.0120100e-01
  -1.9567500e-01
  -1.4718600e-01
  -1.3274800e-01
  -1.4385600e-01
  -1.2840700e-01
  -8.5833000e-02
  -4.1212000e-02
  -1.3924000e-02
   1.9068000e-02
   3.7294000e-02
   4.8485000e-02
   8.5936000e-02
   1.0887000e-01
   1.0607100e-01
   9.0219000e-02
   7.9226000e-02
   9.6682000e-02
   1.2888300e-01
   1.5176600e-01
   1.5063500e-01
   1.4359100e-01
   1.3081600e-01
   1.1900900e-01
   1.2819500e-01
   1.0180100e-01
   6.3583000e-02
   6.7947000e-02
   5.9673000e-02
   3.5574000e-02
   1.8517000e-02
  -8.6800000e-04
   9.1480000e-03
   3.3918000e-02
   3.7134000e-02
   4.8777000e-02
   5.4693000e-02
   6.1615000e-02
   8.4185000e-02
   8.9090000e-02
   5.7865000e-02
   3.0733000e-02
   5.4106000e-02
   4.7486000e-02
   3.2746000e-02
   8.6210000e-03
  -3.6251000e-02
  -1.6069000e-02
  -4.1349000e-02
  -6.4533000e-02
  -3.0433000e-02
  -6.0873000e-02
  -7.6513000e-02
  -5.6652000e-02
  -5.9572000e-02
  -7.2359000e-02
  -1.0759700e-01
  -1.1291500e-01
  -8.4902000e-02
  -7.5948000e-02
  -7.6616000e-02
  -9.0593000e-02
  -1.0124200e-01
  -9.6801000e-02
  -7.4764000e-02
  -8.4249000e-02
  -9.6573000e-02
  -5.7232000e-02
  -6.7941000e-02
  -6.1327000e-02
  -1.8028000e-02
   7.5290000e-03
   4.1705000e-02
   4.6439000e-02
   6.8789000e-02
   8.5867000e-02
   8.9045000e-02
   8.3222000e-02
   4.5962000e-02
   4.2138000e-02
   3.4607000e-02
  -8.4800000e-04
  -2.4681000e-02
   1.2940000e-03
   2.2723000e-02
  -3.8220000e-03
   7.5140000e-03
   3.7188000e-02
   3.9908000e-02
   5.7250000e-02
   1.0329700e-01
   1.1516400e-01
   1.0878800e-01
   1.2063500e-01
   1.1857100e-01
   1.1377200e-01
   1.0115500e-01
   9.6411000e-02
   7.9350000e-02
   6.8360000e-02
   8.5841000e-02
   9.1387000e-02
   8.6682000e-02
   5.7051000e-02
   6.7118000e-02
   7.3317000e-02
   6.8162000e-02
   7.6811000e-02
   3.9092000e-02
   5.9582000e-02
   6.0616000e-02
   3.4598000e-02
   2.7356000e-02
  -1.7511000e-02
   1.3184000e-02
   2.2002000e-02
  -7.0900000e-04
   1.2900000e-03
  -2.5274000e-02
  -9.1180000e-03
  -2.8077000e-02
  -5.6750000e-02
  -4.0050000e-02
  -5.2699000e-02
  -5.1183000e-02
  -4.8742000e-02
  -6.4983000e-02
  -8.0367000e-02
  -8.1157000e-02
  -7.8921000e-02
  -1.0716400e-01
  -1.0310300e-01
  -8.7628000e-02
  -9.2410000e-02
  -7.6999000e-02
  -8.0339000e-02
  -6.8246000e-02
  -2.1304000e-02
  -4.1700000e-03
  -1.4573000e-02
   1.1700000e-03
   3.1190000e-02
   2.1035000e-02
   3.3614000e-02
   3.1486000e-02
   1.7735000e-02
   5.2293000e-02
   1.0009000e-02
  -3.3520000e-03
   2.3374000e-02
  -2.4590000e-02
  -1.3156000e-02
   4.3000000e-05
  -2.0587000e-02
   8.6430000e-03
   3.6170000e-03
  -2.1989000e-02
   5.6530000e-03
   2.7185000e-02
   2.8464000e-02
   4.0212000e-02
   4.1757000e-02
   4.5282000e-02
   3.9897000e-02
   2.0986000e-02
   1.8680000e-02
   1.7926000e-02
  -1.2984000e-02
  -4.2950000e-02
  -2.3835000e-02
  -2.7600000e-02
  -3.1705000e-02
  -2.9525000e-02
  -4.5581000e-02
   1.4798000e-02
   5.3256000e-02
   3.3878000e-02
   3.1619000e-02
   4.3212000e-02
   4.9180000e-02
   4.1724000e-02
   4.8074000e-02
   3.7418000e-02
   4.8787000e-02
   5.6991000e-02
   4.8768000e-02
   7.6480000e-02
   6.8099000e-02
   5.5047000e-02
   2.3771000e-02
   8.1130000e-03
   3.6994000e-02
  -3.4783000e-02
  -4.8066000e-02
  -7.9000000e-04
  -4.8068000e-02
  -5.4307000e-02
  -7.2095000e-02
  -8.1957000e-02
  -2.2536000e-02
  -2.4254000e-02
  -5.3330000e-02
  -4.4680000e-02
  -1.9257000e-02
  -3.7526000e-02
  -5.1444000e-02
  -2.9377000e-02
  -4.2578000e-02
  -5.7662000e-02
  -5.5029000e-02
  -3.2525000e-02
  -2.6545000e-02
  -4.6513000e-02
  -2.7791000e-02
  -2.4876000e-02
  -5.3257000e-02
  -3.4193000e-02
  -2.0140000e-02
  -4.0213000e-02
  -4.7654000e-02
  -7.8753000e-02
  -8.2594000e-02
  -6.1377000e-02
  -5.0152000e-02
  -3.9521000e-02
  -7.4005000e-02
  -6.0620000e-02
  -6.9800000e-02
  -1.0695100e-01
  -5.8907000e-02
  -7.7011000e-02
  -1.0916700e-01
  -9.5429000e-02
  -9.2280000e-02
  -7.7053000e-02
  -6.7974000e-02
  -5.3726000e-02
  -4.2818000e-02
  -3.2109000e-02
  -2.4130000e-02
  -6.5630000e-03
   1.8381000e-02
   4.3161000e-02
   7.0303000e-02
   8.1108000e-02
   1.1594900e-01
   1.4591000e-01
   1.7391200e-01
   1.9494400e-01
   1.9190200e-01
   2.2293800e-01
   2.3090900e-01
   2.0862900e-01
   2.0839300e-01
   2.2208400e-01
   2.3117200e-01
   2.2099900e-01
   2.0188300e-01
   1.8146500e-01
   1.6979000e-01
   1.6012000e-01
   1.3952600e-01
   1.2011500e-01
   1.1607500e-01
   1.0097700e-01
   7.0736000e-02
   7.0784000e-02
   8.3321000e-02
   6.7125000e-02
   4.8042000e-02
   4.8056000e-02
   4.8092000e-02
   3.6310000e-02
   1.7973000e-02
   1.5339000e-02
   1.9700000e-03
  -3.2526000e-02
  -3.4674000e-02
  -2.4483000e-02
  -4.8346000e-02
  -6.9765000e-02
  -7.5228000e-02
  -9.4376000e-02
  -1.0088500e-01
  -1.0424800e-01
  -1.1636700e-01
  -1.2179400e-01
  -1.2562200e-01
  -1.0170500e-01
  -9.0500000e-02
  -1.0463900e-01
  -9.3159000e-02
  -1.2053500e-01
  -1.3456100e-01
  -1.0500900e-01
  -1.3847900e-01
  -1.5060800e-01
  -1.5069900e-01
  -1.5709300e-01
  -1.7768300e-01
  -2.3900000e-01
  -1.9780300e-01
  -1.7255600e-01
  -1.7849300e-01
  -1.3195000e-01
  -1.1677500e-01
  -7.7368000e-02
  -5.5183000e-02
  -2.7973000e-02
   1.9129000e-02
  -6.7750000e-03
   4.9480000e-03
   5.1270000e-02
   6.1405000e-02
   7.9205000e-02
   6.6391000e-02
   6.0393000e-02
   1.0160500e-01
   1.1781000e-01
   1.1640600e-01
   1.2591600e-01
   1.3071300e-01
   1.2111700e-01
   1.1613300e-01
   1.2065900e-01
   1.3120700e-01
   1.4672700e-01
   1.3987400e-01
   1.3084600e-01
   1.4530600e-01
   1.5657800e-01
   1.3910500e-01
   1.0680600e-01
   1.1011900e-01
   1.0104000e-01
   4.5712000e-02
   2.9814000e-02
  -6.5200000e-04
  -3.7553000e-02
  -3.7172000e-02
  -7.7011000e-02
  -1.0132900e-01
  -1.1728600e-01
  -1.2849600e-01
  -1.1053800e-01
  -8.5937000e-02
  -4.0416000e-02
  -6.5135000e-02
  -8.4619000e-02
  -2.7006000e-02
  -1.2542000e-02
  -2.2287000e-02
  -4.0750000e-02
  -7.0186000e-02
  -7.0215000e-02
  -6.3335000e-02
  -9.3013000e-02
  -1.1257100e-01
  -8.0804000e-02
  -9.7328000e-02
  -1.1716400e-01
  -1.1200600e-01
  -1.1714500e-01
  -5.5217000e-02
  -4.8618000e-02
  -1.0877200e-01
  -1.1252000e-01
  -1.0482500e-01
  -1.2048700e-01
  -1.3685900e-01
  -1.0110600e-01
  -7.6926000e-02
  -9.9853000e-02
  -8.6017000e-02
  -3.7000000e-02
  -8.8740000e-03
  -1.4823000e-02
  -1.1499000e-02
   1.5437000e-02
   4.4850000e-02
   5.1967000e-02
   5.2518000e-02
   8.0777000e-02
   9.7068000e-02
   5.3691000e-02
   2.0406000e-02
   4.1644000e-02
   3.4350000e-02
   2.8436000e-02
   3.4972000e-02
   1.7720000e-02
   4.5388000e-02
   4.9968000e-02
   2.0955000e-02
   5.0130000e-02
   5.8331000e-02
   3.3717000e-02
   3.6422000e-02
   5.1644000e-02
   4.4328000e-02
   1.4352000e-02
   3.3198000e-02
   9.2050000e-02
   9.4565000e-02
   6.9018000e-02
   8.4683000e-02
   8.5357000e-02
   9.1140000e-02
   8.5181000e-02
   4.2024000e-02
   6.2841000e-02
   5.4635000e-02
   1.5811000e-02
   2.3297000e-02
   3.1955000e-02
   2.9771000e-02
  -9.2400000e-04
  -2.7610000e-03
   4.1920000e-03
   1.9310000e-03
   7.8000000e-03
   4.2600000e-03
   2.2330000e-02
  -5.2170000e-03
  -4.1331000e-02
  -3.3774000e-02
  -5.1593000e-02
  -6.7389000e-02
  -9.3880000e-02
  -1.2806600e-01
  -1.1132700e-01
  -9.0569000e-02
  -6.4484000e-02
  -3.4854000e-02
  -3.9077000e-02
  -3.1940000e-03
   2.7744000e-02
   3.1831000e-02
   8.8323000e-02
   9.2141000e-02
   8.7518000e-02
   1.3473100e-01
   1.2604300e-01
   1.2244200e-01
   1.1663900e-01
   9.3101000e-02
   9.6729000e-02
   9.1972000e-02
   9.1838000e-02
   8.1685000e-02
   9.6937000e-02
   1.1333400e-01
   8.0083000e-02
   3.7547000e-02
  -1.2610900e-01
  -4.8117100e-01
  -1.0969070e+00
  -1.9723550e+00
  -2.7997450e+00
  -3.3775610e+00
  -3.5469660e+00
  -3.2301160e+00
  -2.5737140e+00
  -1.5671700e+00
  -3.1678600e-01
   1.0103070e+00
   2.3506960e+00
   3.4501930e+00
   4.2258370e+00
   4.6808470e+00
   4.7972390e+00
   4.6651910e+00
   4.2744570e+00
   3.7294360e+00
   3.1174060e+00
   2.4146860e+00
   1.6896130e+00
   9.5741400e-01
   1.8490400e-01
  -6.3284900e-01
  -1.4485900e+00
  -2.1806910e+00
  -2.7350070e+00
  -3.1138780e+00
  -3.3040680e+00
  -3.2349700e+00
  -2.9840300e+00
  -2.5580540e+00
  -2.0284670e+00
  -1.4543800e+00
  -7.8311600e-01
  -1.9123700e-01
   2.4994200e-01
   5.9598700e-01
   8.3345200e-01
   9.4353500e-01
   9.6037300e-01
   9.3825100e-01
   8.4961500e-01
   7.4083100e-01
   6.3002800e-01
   5.2222600e-01
   4.9272500e-01
   5.5547500e-01
   6.7291200e-01
   8.2751400e-01
   1.0431780e+00
   1.2455180e+00
   1.3796840e+00
   1.4449580e+00
   1.3294140e+00
   1.0528120e+00
   7.0348500e-01
   2.1724100e-01
  -3.5944400e-01
  -9.3613100e-01
  -1.5035190e+00
  -2.0016880e+00
  -2.3942680e+00
  -2.6386800e+00
  -2.7167150e+00
  -2.6676210e+00
  -2.5263160e+00
  -2.3176290e+00
  -2.0049510e+00
  -1.5743870e+00
  -1.0679040e+00
  -5.4696500e-01
  -7.7047000e-02
   3.3326000e-01
   6.7139200e-01
   9.3341400e-01
   1.1939810e+00
   1.4061130e+00
   1.5011390e+00
   1.5220530e+00
   1.4708370e+00
   1.4112090e+00
   1.3485090e+00
   1.2080350e+00
   1.0245610e+00
   8.4212900e-01
   6.8957700e-01
   5.4828100e-01
   3.8415500e-01
   2.5490600e-01
   1.4914900e-01
   5.2458000e-02
  -4.5437000e-02
  -1.5915500e-01
  -2.3409100e-01
  -3.5601800e-01
  -4.6977800e-01
  -5.8440800e-01
  -7.7517300e-01
  -8.7955100e-01
  -9.5551500e-01
  -1.0154800e+00
  -1.0115110e+00
  -9.7438000e-01
  -9.1255400e-01
  -8.4506200e-01
  -6.7408700e-01
  -4.8324000e-01
  -3.6848800e-01
  -2.4922500e-01
  -1.2549200e-01
  -1.6884000e-02
   1.0286900e-01
   2.2766100e-01
   3.5764000e-01
   5.0813100e-01
   6.0465500e-01
   6.6623700e-01
   7.6118700e-01
   8.1354700e-01
   7.6449200e-01
   6.6890000e-01
   5.9488500e-01
   5.4576700e-01
   4.9895500e-01
   4.3515800e-01
   3.9486900e-01
   3.7201000e-01
   3.4873400e-01
   3.9461000e-01
   4.7366200e-01
   5.4270200e-01
   5.9259100e-01
   6.3213600e-01
   6.5699200e-01
   6.0257800e-01
   5.5184400e-01
   4.9475300e-01
   3.6748600e-01
   2.1263200e-01
  -8.1460000e-03
  -1.9334900e-01
  -2.9900100e-01
  -4.0101200e-01
  -4.4320600e-01
  -4.4266100e-01
  -4.3988200e-01
  -4.3099500e-01
  -4.4710300e-01
  -4.6333100e-01
  -4.1853100e-01
  -3.8881600e-01
  -3.9280800e-01
  -3.8095800e-01
  -3.6522400e-01
  -3.0581400e-01
  -2.9375800e-01
  -2.9627400e-01
  -2.4211600e-01
  -2.4886800e-01
  -2.5520100e-01
  -2.0532400e-01
  -1.6178400e-01
  -1.6331000e-01
  -1.7147000e-01
  -1.3990300e-01
  -1.0943300e-01
  -7.6440000e-02
  -3.8816000e-02
  -3.2320000e-03
   6.6336000e-02
   1.3662800e-01
   1.8136100e-01
   2.2690800e-01
   2.5338100e-01
   2.3681500e-01
   1.7774300e-01
   1.3309700e-01
   1.1234400e-01
   3.8373000e-02
  -5.2646000e-02
  -1.6467200e-01
  -2.8204800e-01
  -2.9391600e-01
  -2.8196400e-01
  -2.6881100e-01
  -1.9240900e-01
  -1.3068500e-01
  -9.3631000e-02
  -6.6747000e-02
  -5.5722000e-02
  -2.7154000e-02
  -1.2912000e-02
   2.0680000e-02
   1.1512100e-01
   1.6896500e-01
   2.1428800e-01
   3.3092600e-01
   4.5207700e-01
   5.4220500e-01
   6.3016000e-01
   6.9811900e-01
   7.1112200e-01
   7.2048900e-01
   6.8354500e-01
   5.7997000e-01
   4.9120200e-01
   3.8035500e-01
   2.5935100e-01
   1.4465600e-01
   2.5268000e-02
  -7.0998000e-02
  -1.4374800e-01
  -1.7037300e-01
  -1.7383900e-01
  -1.8276900e-01
  -1.9077800e-01
  -2.1751300e-01
  -2.3858300e-01
  -2.3919400e-01
  -2.2174300e-01
  -2.2074200e-01
  -2.5561000e-01
  -2.7881100e-01
  -3.7301500e-01
  -4.7092500e-01
  -5.0579000e-01
  -5.6545000e-01
  -5.7738400e-01
  -5.9069700e-01
  -5.8410900e-01
  -4.9888300e-01
  -4.3537800e-01
  -3.7170500e-01
  -2.8288900e-01
  -2.1679900e-01
  -1.9982200e-01
  -1.8591400e-01
  -1.6376400e-01
  -1.3948900e-01
  -9.4735000e-02
  -3.9298000e-02
   4.5415000e-02
   1.4015100e-01
   1.6638700e-01
   1.5514500e-01
   1.5258000e-01
   5.9860000e-02
  -9.4914000e-02
  -2.5821900e-01
  -4.3319000e-01
  -5.4131900e-01
  -5.7965100e-01
  -5.0845200e-01
  -3.3993200e-01
  -1.5514000e-01
   6.6415000e-02
   3.1636200e-01
   5.7366500e-01
   7.9579500e-01
   9.3702800e-01
   1.0357850e+00
   1.1391250e+00
   1.1680940e+00
   1.0955940e+00
   1.0170950e+00
   8.6472300e-01
   6.6212800e-01
   4.8226500e-01
   2.4970000e-01
   6.3983000e-02
  -5.8791000e-02
  -2.0502700e-01
  -2.8218100e-01
  -2.9243700e-01
  -3.2243400e-01
  -3.4799400e-01
  -3.3656300e-01
  -3.3285000e-01
  -3.6958000e-01
  -4.0467300e-01
  -3.8617400e-01
  -3.5357100e-01
  -3.4765300e-01
  -3.0720200e-01
  -2.3126400e-01
  -1.8607900e-01
  -1.4237600e-01
  -4.4503000e-02
   4.5915000e-02
   1.0888600e-01
   1.6179200e-01
   1.9563600e-01
   2.6382200e-01
   3.3064200e-01
   3.6915600e-01
   3.9455800e-01
   4.1551600e-01
   4.4616100e-01
   3.9402600e-01
   2.8934300e-01
   1.9790400e-01
   6.7835000e-02
  -6.8348000e-02
  -2.2126400e-01
  -3.8281600e-01
  -5.1860100e-01
  -6.7888700e-01
  -7.9586200e-01
  -8.8972900e-01
  -9.5963300e-01
  -9.0533600e-01
  -8.3895700e-01
  -6.9531300e-01
  -4.2952700e-01
  -1.9159300e-01
   7.2519000e-02
   2.7435100e-01
   4.1566100e-01
   5.9152400e-01
   6.4827300e-01
   6.6278300e-01
   6.8384200e-01
   6.5112300e-01
   5.8316200e-01
   4.9950200e-01
   4.4779200e-01
   3.4610600e-01
   2.0583300e-01
   7.8629000e-02
  -4.9635000e-02
  -1.7507400e-01
  -3.0234300e-01
  -3.7893700e-01
  -4.1591800e-01
  -4.5000800e-01
  -4.5398300e-01
  -4.1520300e-01
  -3.6134000e-01
  -3.3797300e-01
  -3.1180600e-01
  -2.5079100e-01
  -2.1476400e-01
  -1.4385600e-01
  -4.6236000e-02
  -3.9300000e-04
   8.7368000e-02
   1.8337300e-01
   2.3714500e-01
   2.7311100e-01
   2.9142400e-01
   3.0287800e-01
   2.7825600e-01
   3.0199300e-01
   3.5156300e-01
   3.2427600e-01
   2.7484700e-01
   2.2994800e-01
   1.8852400e-01
   1.0848100e-01
   7.2310000e-03
  -6.9895000e-02
  -1.5472800e-01
  -2.4890900e-01
  -3.4745400e-01
  -3.9832500e-01
  -4.2317700e-01
  -4.4279600e-01
  -4.1284900e-01
  -3.9926300e-01
  -3.5248000e-01
  -2.7223700e-01
  -2.1702900e-01
  -1.0876200e-01
  -4.0594000e-02
   2.0160000e-03
   1.0892100e-01
   1.7072500e-01
   2.1943700e-01
   2.7090500e-01
   2.7544300e-01
   2.9404900e-01
   3.0986400e-01
   3.2124800e-01
   3.5311700e-01
   3.4827100e-01
   3.1568400e-01
   2.8864700e-01
   2.3020600e-01
   1.3131200e-01
  -8.6000000e-04
  -1.6569500e-01
  -2.9569000e-01
  -4.0637500e-01
  -5.2352700e-01
  -5.8727600e-01
  -6.0321200e-01
  -6.0300600e-01
  -6.1933500e-01
  -6.0073200e-01
  -5.2506600e-01
  -4.1175000e-01
  -3.0794900e-01
  -2.7564200e-01
  -2.0975100e-01
  -1.3288400e-01
  -5.4487000e-02
   2.3709000e-02
   6.1990000e-03
   4.1316000e-02
   1.3029200e-01
   1.7605800e-01
   2.2096100e-01
   1.9441300e-01
   1.7654700e-01
   2.5306600e-01
   2.5883000e-01
   2.3112000e-01
   2.5157800e-01
   2.2650400e-01
   1.6862000e-01
   1.1850400e-01
   8.3081000e-02
   3.9025000e-02
  -3.3935000e-02
  -9.9382000e-02
  -1.1361000e-01
  -7.0169000e-02
  -6.1956000e-02
  -6.1940000e-02
   1.6316000e-02
   1.0128700e-01
   1.6941100e-01
   2.2915700e-01
   3.1536900e-01
   3.9984400e-01
   3.8495700e-01
   3.8903900e-01
   4.1092600e-01
   3.5442600e-01
   2.7725700e-01
   2.2349800e-01
   2.0763300e-01
   1.5940900e-01
   1.1971400e-01
   1.2000700e-01
   9.4432000e-02
   8.0316000e-02
   4.2828000e-02
   2.2426000e-02
   2.7936000e-02
  -2.4425000e-02
  -5.5690000e-02
  -8.3831000e-02
  -1.0168400e-01
  -9.9729000e-02
  -1.7192900e-01
  -2.0757400e-01
  -2.0938400e-01
  -2.6103500e-01
  -3.2550700e-01
  -3.9364000e-01
  -3.9135800e-01
  -3.5660300e-01
  -3.6901900e-01
  -3.5723000e-01
  -2.9091700e-01
  -2.4071000e-01
  -2.2433700e-01
  -1.6753900e-01
  -9.4817000e-02
  -2.6854000e-02
   5.6554000e-02
   1.0796700e-01
   1.6890100e-01
   2.2158500e-01
   2.1330900e-01
   2.3163900e-01
   2.3194200e-01
   1.7106500e-01
   1.4874000e-01
   1.1077200e-01
   3.2720000e-02
  -1.7094000e-02
  -8.4725000e-02
  -1.3560000e-01
  -1.4427100e-01
  -1.7008900e-01
  -1.7540200e-01
  -1.6501100e-01
  -1.4247800e-01
  -9.2881000e-02
  -5.2211000e-02
  -3.2220000e-03
   6.0409000e-02
   1.3849000e-01
   1.7418800e-01
   1.7167800e-01
   2.1236900e-01
   2.5398800e-01
   2.7169000e-01
   2.6806000e-01
   2.5960100e-01
   2.2912300e-01
   2.0408800e-01
   2.3745500e-01
   2.5158800e-01
   2.8954800e-01
   3.5896600e-01
   3.6657700e-01
   3.7048300e-01
   3.7393100e-01
   3.1720500e-01
   2.3121200e-01
   1.1706300e-01
   2.1930000e-03
  -1.0314400e-01
  -2.1991200e-01
  -2.8583000e-01
  -3.2752100e-01
  -3.8821600e-01
  -4.6967200e-01
  -5.0461200e-01
  -4.6433100e-01
  -4.5652600e-01
  -4.3668200e-01
  -3.8664300e-01
  -3.1476100e-01
  -2.0116100e-01
  -1.3931900e-01
  -8.4835000e-02
  -1.6825000e-02
   2.6546000e-02
   9.5302000e-02
   1.5791100e-01
   2.0922600e-01
   2.6640100e-01
   2.9443300e-01
   3.0299900e-01
   3.2794700e-01
   3.1824500e-01
   2.7945900e-01
   2.6506600e-01
   1.7525500e-01
   8.4827000e-02
   4.9101000e-02
  -2.1706000e-02
  -5.5435000e-02
  -8.1229000e-02
  -1.1831100e-01
  -1.0508600e-01
  -9.7527000e-02
  -9.3863000e-02
  -6.3462000e-02
  -4.1653000e-02
  -1.5005000e-02
   1.8083000e-02
   4.9181000e-02
   7.8852000e-02
   9.6060000e-02
   1.2428100e-01
   1.3681600e-01
   1.4809800e-01
   1.6026300e-01
   1.4930500e-01
   1.6966400e-01
   1.7959400e-01
   1.6428600e-01
   1.6914500e-01
   1.7692000e-01
   1.8470900e-01
   1.8246600e-01
   1.8426700e-01
   1.5959700e-01
   1.0601600e-01
   8.2937000e-02
   4.0518000e-02
   8.7700000e-03
  -5.1262000e-02
  -1.3515300e-01
  -1.2470800e-01
  -1.4162400e-01
  -1.7233300e-01
  -1.7233800e-01
  -1.8594400e-01
  -1.7548800e-01
  -1.9559300e-01
  -2.4182700e-01
  -2.7654100e-01
  -2.8566500e-01
  -2.6319700e-01
  -2.8553000e-01
  -3.0495600e-01
  -2.5126800e-01
  -2.3918300e-01
  -2.1382300e-01
  -1.5206700e-01
  -1.6075500e-01
  -1.1112200e-01
  -5.0009000e-02
  -6.5609000e-02
  -5.7215000e-02
  -4.1250000e-02
  -4.1267000e-02
  -5.1884000e-02
  -6.7747000e-02
  -5.8002000e-02
  -5.7886000e-02
  -7.3347000e-02
  -3.3403000e-02
  -3.8549000e-02
  -8.1302000e-02
  -6.1918000e-02
  -7.8262000e-02
  -8.0368000e-02
  -5.1800000e-02
  -6.0682000e-02
  -4.2856000e-02
  -3.8950000e-03
   2.9072000e-02
   8.0422000e-02
   1.3286200e-01
   1.7840800e-01
   2.0508400e-01
   1.9564800e-01
   2.0340200e-01
   2.2283600e-01
   2.1527100e-01
   1.8358100e-01
   1.4346000e-01
   1.2911300e-01
   1.2668100e-01
   1.1307200e-01
   8.4332000e-02
   4.7968000e-02
   4.2775000e-02
   3.8472000e-02
   5.5370000e-03
  -7.2510000e-03
  -4.5476000e-02
  -1.0366400e-01
  -1.3356200e-01
  -1.9539000e-01
  -2.4397000e-01
  -2.6577500e-01
  -2.8547200e-01
  -2.8248500e-01
  -3.0037100e-01
  -3.0076400e-01
  -2.5956700e-01
  -2.1281800e-01
  -1.7427200e-01
  -1.4000800e-01
  -1.0118600e-01
  -6.9251000e-02
  -1.2090000e-02
   2.9450000e-02
   4.8039000e-02
   1.0054100e-01
   1.2391700e-01
   1.2998400e-01
   1.3895100e-01
   1.2258000e-01
   1.2268700e-01
   1.2441700e-01
   1.1636600e-01
   1.2087900e-01
   1.0285400e-01
   8.5345000e-02
   1.4570900e-01
   1.8780200e-01
   1.7422400e-01
   2.0234700e-01
   2.1669300e-01
   2.4295500e-01
   2.9636100e-01
   3.1407400e-01
   3.4219400e-01
   3.5955700e-01
   3.6628600e-01
   3.7540900e-01
   3.8094800e-01
   3.7107200e-01
   3.1474400e-01
   2.7755200e-01
   2.4691100e-01
   2.1462500e-01
   1.6346200e-01
   6.5162000e-02
   1.5315000e-02
  -6.5503000e-02
  -1.6018000e-01
  -1.8233400e-01
  -2.4001600e-01
  -2.7488800e-01
  -3.0160100e-01
  -3.5819700e-01
  -3.4408300e-01
  -3.3580900e-01
  -3.3480600e-01
  -3.2090900e-01
  -3.1075800e-01
  -2.4374100e-01
  -1.9843200e-01
  -1.7679900e-01
  -1.2336300e-01
  -8.7409000e-02
  -6.0821000e-02
  -6.9000000e-03
   1.8117000e-02
   1.1865000e-02
   5.2005000e-02
   6.9583000e-02
   5.4538000e-02
   4.5173000e-02
   4.1791000e-02
   5.7885000e-02
   4.3843000e-02
   4.0898000e-02
   3.6027000e-02
   4.3440000e-03
  -6.6290000e-03
  -3.2769000e-02
  -7.6138000e-02
  -1.1899800e-01
  -1.6676000e-01
  -2.2034700e-01
  -2.5929700e-01
  -2.9368700e-01
  -3.5050900e-01
  -3.8967400e-01
  -3.9987300e-01
  -4.1983100e-01
  -4.1698500e-01
  -3.6516300e-01
  -3.2627200e-01
  -3.0608300e-01
  -2.6605900e-01
  -2.0797400e-01
  -1.6281000e-01
  -1.4458200e-01
  -1.4077500e-01
  -1.1025300e-01
  -6.5779000e-02
  -5.9310000e-02
  -4.4921000e-02
  -2.0108000e-02
  -1.5294000e-02
   2.5060000e-03
   4.3548000e-02
   8.1821000e-02
   1.3003100e-01
   1.7275600e-01
   2.1596800e-01
   3.0449400e-01
   3.3622100e-01
   3.3937600e-01
   4.0007700e-01
   4.3978600e-01
   4.5470900e-01
   4.9318400e-01
   5.3851600e-01
   5.5508400e-01
   5.4357300e-01
   5.2966300e-01
   5.6849400e-01
   5.7167200e-01
   4.8419900e-01
   4.3521600e-01
   4.0026600e-01
   3.3445700e-01
   2.8499900e-01
   2.2268400e-01
   1.5508400e-01
   1.2735300e-01
   6.8925000e-02
   1.8119000e-02
   2.6512000e-02
   1.3250000e-02
  -2.3450000e-03
  -2.9217000e-02
  -3.1966000e-02
   2.9851000e-02
   1.9702000e-02
  -1.1927000e-02
   2.2928000e-02
   8.8100000e-03
  -1.7899000e-02
  -3.7316000e-02
  -7.5957000e-02
  -7.9701000e-02
  -1.1607600e-01
  -1.4752600e-01
  -1.4052000e-01
  -1.7205300e-01
  -1.7843500e-01
  -1.3339100e-01
  -1.3512800e-01
  -1.5816500e-01
  -1.3943300e-01
  -1.4572400e-01
  -1.6745400e-01
  -1.8840400e-01
  -2.2909800e-01
  -2.6722200e-01
  -3.0580400e-01
  -3.3946400e-01
  -3.8642000e-01
  -4.1170500e-01
  -4.2569900e-01
  -4.6723000e-01
  -4.8309000e-01
  -4.8864400e-01
  -4.7957100e-01
  -4.6935900e-01
  -4.6722800e-01
  -4.5601500e-01
  -4.5380200e-01
  -4.0332200e-01
  -3.3338600e-01
  -3.0291400e-01
  -2.6345600e-01
  -1.7493800e-01
  -1.0411700e-01
  -8.6586000e-02
  -3.6453000e-02
   4.2814000e-02
   9.4217000e-02
   1.0315300e-01
   1.3161500e-01
   1.7977900e-01
   1.7205200e-01
   1.6715200e-01
   1.6940500e-01
   1.5539500e-01
   1.6654200e-01
   1.5339800e-01
   1.2333900e-01
   1.3971500e-01
   1.4948100e-01
   1.4705900e-01
   1.5029500e-01
   1.3969200e-01
   1.5078500e-01
   1.6286100e-01
   1.8523400e-01
   1.9551500e-01
   1.7606900e-01
   2.0353100e-01
   2.3490500e-01
   2.6421400e-01
   2.9099900e-01
   3.3259000e-01
   4.0881400e-01
   4.4602800e-01
   5.0927700e-01
   5.7203700e-01
   5.8067300e-01
   6.0432300e-01
   5.9333600e-01
   5.9069800e-01
   6.2412900e-01
   5.7269100e-01
   5.2883700e-01
   5.0727700e-01
   4.3879700e-01
   4.0050700e-01
   3.0712100e-01
   2.1931100e-01
   1.9546700e-01
   1.0461400e-01
   3.1447000e-02
  -4.8279000e-02
  -1.3710600e-01
  -1.7369800e-01
  -2.4086500e-01
  -2.7434900e-01
  -3.0722600e-01
  -3.4163800e-01
  -3.5065800e-01
  -3.7890600e-01
  -3.5865600e-01
  -3.5548000e-01
  -3.5481600e-01
  -3.3521200e-01
  -3.1374300e-01
  -2.6090400e-01
  -2.5181900e-01
  -2.2847100e-01
  -1.7517600e-01
  -1.7508100e-01
  -1.7660900e-01
  -1.5127900e-01
  -1.4832600e-01
  -1.6181000e-01
  -1.8833300e-01
  -2.1248400e-01
  -1.8133700e-01
  -1.6393200e-01
  -1.9619900e-01
  -1.8847200e-01
  -1.6044000e-01
  -1.6077400e-01
  -1.5118900e-01
  -1.3398500e-01
  -1.2243000e-01
  -1.0891300e-01
  -1.0827000e-01
  -1.2209800e-01
  -1.2120800e-01
  -1.0885600e-01
  -1.1190200e-01
  -1.2797900e-01
  -1.3208000e-01
  -9.3555000e-02
  -5.4820000e-02
  -4.6703000e-02
  -3.0948000e-02
  -2.9540000e-03
   4.3515000e-02
   9.3415000e-02
   1.1748000e-01
   1.3196200e-01
   1.4310500e-01
   1.4559400e-01
   1.1285800e-01
   7.8049000e-02
   8.8870000e-02
   9.0344000e-02
   7.5732000e-02
   4.5932000e-02
   1.5582000e-02
   1.0960000e-02
  -1.7940000e-03
   1.2920000e-03
  -1.0434000e-02
  -4.7137000e-02
  -2.4965000e-02
  -3.7890000e-03
  -2.6628000e-02
  -2.6742000e-02
  -2.1270000e-02
   4.7460000e-03
   3.3568000e-02
   4.1650000e-03
  -1.1530000e-03
   2.0402000e-02
   3.2660000e-02
   3.0511000e-02
   6.4060000e-03
   1.6400000e-02
   4.3137000e-02
   6.7218000e-02
   8.5584000e-02
   1.1189000e-01
   1.3677500e-01
   1.4383400e-01
   1.7037700e-01
   1.7394500e-01
   1.7535500e-01
   1.5938800e-01
   1.1058900e-01
   1.1527200e-01
   8.2995000e-02
  -1.4060000e-02
  -6.2947000e-02
  -8.9353000e-02
  -1.3013700e-01
  -1.7814000e-01
  -2.3580300e-01
  -2.5691700e-01
  -2.4708300e-01
  -2.4851900e-01
  -2.4419300e-01
  -2.2945700e-01
  -2.2627700e-01
  -2.1924900e-01
  -1.7070300e-01
  -1.2156400e-01
  -1.3524300e-01
  -1.2950800e-01
  -8.2608000e-02
  -7.6917000e-02
  -5.9176000e-02
  -3.8405000e-02
  -2.6767000e-02
   1.0192000e-02
   2.8947000e-02
   6.3977000e-02
   9.3877000e-02
   1.0768400e-01
   1.2791200e-01
   1.1986100e-01
   1.2908500e-01
   1.2399000e-01
   8.2673000e-02
   5.5186000e-02
   3.8474000e-02
   2.1297000e-02
  -4.4709000e-02
  -9.7350000e-02
  -8.5501000e-02
  -8.3943000e-02
  -9.1317000e-02
  -1.1274200e-01
  -1.2075100e-01
  -1.1575800e-01
  -1.1576300e-01
  -9.2133000e-02
  -1.0433600e-01
  -9.4187000e-02
  -5.2436000e-02
  -5.4703000e-02
  -3.9235000e-02
  -1.4680000e-02
  -6.8800000e-03
   2.6014000e-02
   5.8952000e-02
   7.1355000e-02
   8.8270000e-02
   8.8231000e-02
   9.0959000e-02
   1.2434900e-01
   1.4271300e-01
   1.3787800e-01
   1.6561600e-01
   1.9331100e-01
   2.1561200e-01
   2.4109000e-01
   2.2546100e-01
   2.5547200e-01
   2.7846500e-01
   2.9709200e-01
   3.0828400e-01
   2.5367900e-01
   2.5854600e-01
   2.3021800e-01
   1.8227200e-01
   1.6920400e-01
   1.3143900e-01
   1.0475100e-01
   6.2427000e-02
   4.1555000e-02
   3.2583000e-02
  -3.8110000e-03
  -2.0470000e-02
  -1.4548000e-02
  -1.7969000e-02
  -3.4592000e-02
  -3.0728000e-02
  -1.1521000e-02
  -3.3615000e-02
  -4.1785000e-02
  -1.8627000e-02
  -1.5650000e-02
   9.5380000e-03
   6.5000000e-03
   1.8869000e-02
   6.6093000e-02
   7.1676000e-02
   1.0314200e-01
   1.2778800e-01
   1.4047600e-01
   1.3951800e-01
   9.1968000e-02
   6.9755000e-02
   9.4751000e-02
   1.0659000e-01
   5.0234000e-02
   3.4479000e-02
   5.6438000e-02
   1.2539000e-02
  -6.5270000e-03
   1.9260000e-03
  -1.8824000e-02
  -3.3137000e-02
  -5.7619000e-02
  -7.5537000e-02
  -6.4373000e-02
  -1.2273600e-01
  -1.8075200e-01
  -1.7621800e-01
  -2.0885100e-01
  -2.2217400e-01
  -2.3123900e-01
  -2.4198500e-01
  -2.2045100e-01
  -2.0433200e-01
  -1.6910700e-01
  -1.3788400e-01
  -1.0443900e-01
  -1.0591500e-01
  -9.6760000e-02
  -4.8548000e-02
  -4.6520000e-02
  -3.9349000e-02
  -5.9511000e-02
  -7.2563000e-02
  -5.7869000e-02
  -7.8476000e-02
  -7.3149000e-02
  -5.7465000e-02
  -4.4565000e-02
  -4.7182000e-02
  -5.6187000e-02
  -8.2490000e-03
   3.4138000e-02
   4.9021000e-02
   7.7097000e-02
   9.8681000e-02
   1.0762400e-01
   1.1075600e-01
   1.0940200e-01
   9.5553000e-02
   8.2325000e-02
   8.7868000e-02
   8.3723000e-02
   5.9601000e-02
   3.5490000e-02
   3.2135000e-02
   3.1630000e-02
   2.1301000e-02
   4.7075000e-02
   3.9314000e-02
  -3.2080000e-03
   3.4313000e-02
   5.7760000e-02
   2.4138000e-02
  -8.6970000e-03
  -2.9873000e-02
  -4.9436000e-02
  -7.0293000e-02
  -5.7340000e-02
  -8.8049000e-02
  -1.0162100e-01
  -6.5357000e-02
  -1.1115200e-01
  -1.3434900e-01
  -1.1833200e-01
  -1.4824800e-01
  -1.4729500e-01
  -1.2463300e-01
  -1.3854000e-01
  -1.3067600e-01
  -1.1730200e-01
  -1.4859900e-01
  -1.5278600e-01
  -1.2154200e-01
  -1.1481400e-01
  -1.2682300e-01
  -1.0437400e-01
  -8.2552000e-02
  -7.4588000e-02
  -5.0869000e-02
  -3.2421000e-02
  -8.5010000e-03
  -1.0793000e-02
   1.1885000e-02
   5.3742000e-02
   4.7242000e-02
   5.6189000e-02
   5.7055000e-02
   4.1922000e-02
   3.2443000e-02
   2.1582000e-02
   5.9460000e-03
  -3.0633000e-02
  -3.8886000e-02
  -3.1753000e-02
  -5.9013000e-02
  -7.7678000e-02
  -8.7793000e-02
  -9.6612000e-02
  -7.6047000e-02
  -5.5347000e-02
  -5.2522000e-02
  -5.4458000e-02
  -1.4987000e-02
   2.0507000e-02
  -7.3900000e-04
  -1.6849000e-02
  -1.2973000e-02
   2.9835000e-02
   4.4656000e-02
   1.8557000e-02
   6.1337000e-02
   1.0078100e-01
   8.8067000e-02
   8.8721000e-02
   1.0167600e-01
   1.1890500e-01
   1.3382800e-01
   1.4850500e-01
   1.8856500e-01
   2.2601400e-01
   2.3434000e-01
   2.3265700e-01
   2.4192900e-01
   2.4655600e-01
   2.3062600e-01
   2.2433700e-01
   2.4020100e-01
   2.5329700e-01
   2.4066600e-01
   2.2571800e-01
   2.3832400e-01
   2.3730000e-01
   1.9345400e-01
   1.6879900e-01
   1.6690100e-01
   1.3775100e-01
   1.0834200e-01
   1.0055800e-01
   8.5658000e-02
   6.9472000e-02
   6.7819000e-02
   3.9557000e-02
   1.0476000e-02
   7.1940000e-03
   1.6763000e-02
   1.7737000e-02
  -2.4173000e-02
  -4.7776000e-02
  -6.6930000e-02
  -7.9373000e-02
  -6.6083000e-02
  -8.8622000e-02
  -9.3369000e-02
  -1.0567200e-01
  -1.3695200e-01
  -1.3213400e-01
  -1.3044400e-01
  -1.1593100e-01
  -8.9763000e-02
  -7.4338000e-02
  -9.7571000e-02
  -9.4203000e-02
  -2.9708000e-02
  -1.1880000e-02
   1.1562000e-02
  -9.8600000e-03
  -6.7410000e-02
  -3.8876000e-02
  -6.0271000e-02
  -1.2106600e-01
  -1.4962100e-01
  -1.7538900e-01
  -1.7530900e-01
  -1.9276100e-01
  -2.0282400e-01
  -1.7085000e-01
  -1.4812700e-01
  -1.3518400e-01
  -1.1150100e-01
  -4.8636000e-02
   9.2100000e-03
   3.8497000e-02
   7.3930000e-02
   1.1756300e-01
   1.6314100e-01
   1.6188900e-01
   1.7694800e-01
   1.9693700e-01
   1.5444900e-01
   1.2734200e-01
   1.0985900e-01
   7.7136000e-02
   4.4959000e-02
   2.9834000e-02
  -6.9200000e-03
  -6.0877000e-02
  -9.4941000e-02
  -1.3317000e-01
  -1.4526400e-01
  -1.6825000e-01
  -1.6497700e-01
  -1.3785200e-01
  -1.4260700e-01
  -7.9840000e-02
  -5.2350000e-02
  -7.2075000e-02
  -3.0713000e-02
  -3.5393000e-02
  -4.2742000e-02
  -3.2110000e-03
   7.6270000e-03
   1.0395000e-02
  -1.2248000e-02
  -3.3020000e-02
  -2.0535000e-02
  -3.8125000e-02
  -6.3054000e-02
  -7.4448000e-02
  -5.6397000e-02
  -4.3265000e-02
  -7.0778000e-02
  -7.3410000e-02
  -6.8686000e-02
  -3.6019000e-02
  -9.7910000e-03
  -4.3328000e-02
  -3.8374000e-02
  -4.0001000e-02
  -3.5614000e-02
   1.9664000e-02
   2.5169000e-02
   3.2743000e-02
   3.8170000e-02
   1.4435000e-02
   4.6890000e-02
   7.1592000e-02
   7.0347000e-02
   1.0450500e-01
   1.4134600e-01
   1.6807100e-01
   1.7892800e-01
   1.8427600e-01
   1.9808700e-01
   1.8393500e-01
   1.7120100e-01
   1.7136600e-01
   1.5701100e-01
   1.3049900e-01
   1.0523400e-01
   8.7318000e-02
   4.2253000e-02
   1.0320000e-03
  -3.9704000e-02
  -6.5039000e-02
  -6.8131000e-02
  -1.3285700e-01
  -1.6941100e-01
  -1.7076700e-01
  -2.0304300e-01
  -2.0570800e-01
  -2.0794100e-01
  -2.2020500e-01
  -2.1445100e-01
  -2.1991700e-01
  -2.2881900e-01
  -2.2835200e-01
  -2.0777500e-01
  -1.6688000e-01
  -1.4365400e-01
  -1.2264100e-01
  -7.8289000e-02
  -2.1523000e-02
   1.2621000e-02
   3.1513000e-02
   7.7448000e-02
   1.0458200e-01
   9.9937000e-02
   9.2178000e-02
   6.5483000e-02
   4.1071000e-02
   1.0981000e-02
  -3.7378000e-02
  -7.7413000e-02
  -1.3161100e-01
  -1.6749000e-01
  -1.8553200e-01
  -2.0590600e-01
  -2.0463700e-01
  -2.2942900e-01
  -2.3245600e-01
  -2.0716700e-01
  -2.0656000e-01
  -1.9025800e-01
  -1.4907400e-01
  -1.0944000e-01
  -9.6401000e-02
  -7.1518000e-02
  -5.2913000e-02
  -2.5963000e-02
   3.1780000e-02
   2.7750000e-02
   3.2726000e-02
   5.6084000e-02
   5.3293000e-02
   9.0159000e-02
   1.0096400e-01
   9.3050000e-02
   1.3249400e-01
   1.4639300e-01
   1.2055000e-01
   1.3399300e-01
   1.7138700e-01
   1.5383000e-01
   1.4677500e-01
   2.0539900e-01
   2.2452600e-01
   1.9352900e-01
   1.9672000e-01
   2.0650500e-01
   1.8250700e-01
   1.5506200e-01
   1.2485700e-01
   9.6224000e-02
   7.0927000e-02
   4.2244000e-02
   1.9616000e-02
  -3.5360000e-03
  -1.1688000e-02
  -3.1866000e-02
  -4.2970000e-02
  -2.4350000e-03
   2.8563000e-02
   4.1773000e-02
   6.1551000e-02
   9.2562000e-02
   1.2403000e-01
   1.5145200e-01
   1.6853000e-01
   1.6882200e-01
   1.6178000e-01
   1.3268500e-01
   1.0825200e-01
   9.0945000e-02
   5.2731000e-02
  -1.2281000e-02
  -6.1262000e-02
  -7.1435000e-02
  -1.1196700e-01
  -1.5144300e-01
  -1.6271700e-01
  -1.7548700e-01
  -1.6604700e-01
  -1.7055300e-01
  -1.7097000e-01
  -1.2782800e-01
  -1.2073100e-01
  -1.2814700e-01
  -1.0299200e-01
  -8.2399000e-02
  -5.7153000e-02
  -4.4771000e-02
  -4.4647000e-02
  -2.9012000e-02
  -1.7553000e-02
  -2.3303000e-02
  -3.2943000e-02
  -3.2314000e-02
  -4.7600000e-03
   1.3167000e-02
  -2.5098000e-02
  -2.1804000e-02
   2.4447000e-02
   1.8344000e-02
  -4.2300000e-03
  -2.9462000e-02
  -4.1341000e-02
  -3.9489000e-02
  -7.1475000e-02
  -7.5423000e-02
  -3.0246000e-02
   1.9996000e-02
   4.0397000e-02
   3.7116000e-02
   7.9079000e-02
   1.2073200e-01
   1.4322900e-01
   1.6972200e-01
   1.8110700e-01
   1.9664500e-01
   1.9430400e-01
   1.7348900e-01
   1.7039400e-01
   1.5716100e-01
   1.0862600e-01
   7.5847000e-02
   8.0533000e-02
   7.0525000e-02
   3.6567000e-02
   6.0828000e-02
   8.9782000e-02
   5.7662000e-02
   3.9783000e-02
   3.0732000e-02
   5.8824000e-02
   4.3530000e-02
  -7.0790000e-03
   8.0650000e-03
  -1.9370000e-02
  -3.4432000e-02
  -7.8620000e-02
  -1.3715800e-01
  -1.0595000e-01
  -1.4256400e-01
  -1.9148000e-01
  -1.7131300e-01
  -1.6616000e-01
  -1.7517400e-01
  -1.5924300e-01
  -1.4639200e-01
  -1.5455100e-01
  -1.2434700e-01
  -9.9509000e-02
  -1.1350100e-01
  -1.0534600e-01
  -1.2440400e-01
  -1.6796600e-01
  -1.4801900e-01
  -1.4546300e-01
  -1.9176900e-01
  -2.1392300e-01
  -2.2005200e-01
  -2.2128600e-01
  -2.1677300e-01
  -1.8816100e-01
  -1.5250800e-01
  -1.4228100e-01
  -1.3001300e-01
  -9.5284000e-02
  -4.6355000e-02
  -4.4865000e-02
  -5.0446000e-02
  -2.2006000e-02
  -3.2620000e-02
  -2.0800000e-02
  -1.5639000e-02
  -4.6393000e-02
  -4.8524000e-02
  -6.0931000e-02
  -6.7355000e-02
  -8.4538000e-02
  -8.8536000e-02
  -5.7717000e-02
  -4.7173000e-02
  -4.3723000e-02
  -4.6401000e-02
  -1.1094000e-02
   3.3193000e-02
   1.7972000e-02
   2.6172000e-02
   6.7407000e-02
   7.8514000e-02
   7.9271000e-02
   9.0791000e-02
   1.0718500e-01
   1.2073800e-01
   1.2954300e-01
   1.4266300e-01
   1.7091100e-01
   1.6851000e-01
   1.2881600e-01
   1.2964800e-01
   1.4137600e-01
   1.2959200e-01
   1.1733800e-01
   1.0219200e-01
   1.0317800e-01
   1.0226800e-01
   8.3679000e-02
   8.5283000e-02
   7.9496000e-02
   7.4270000e-02
   8.7808000e-02
   1.0023700e-01
   1.4350700e-01
   1.0579100e-01
   7.0789000e-02
   1.3411500e-01
   8.9803000e-02
   5.2593000e-02
   7.4632000e-02
   4.5057000e-02
   2.0185000e-02
  -1.1832000e-02
  -6.1670000e-03
  -6.4640000e-03
  -5.9204000e-02
  -6.7627000e-02
  -5.7699000e-02
  -5.0555000e-02
  -5.3931000e-02
  -6.9958000e-02
  -5.6973000e-02
  -4.5504000e-02
  -4.2618000e-02
  -7.3559000e-02
  -1.1080000e-01
  -9.2013000e-02
  -8.3634000e-02
  -8.1015000e-02
  -9.3372000e-02
  -9.3855000e-02
  -4.5391000e-02
  -3.6646000e-02
  -7.7840000e-03
   3.4416000e-02
   4.6783000e-02
   7.1836000e-02
   1.0434700e-01
   1.6313700e-01
   1.8310000e-01
   1.7672700e-01
   1.8886900e-01
   1.9857400e-01
   1.9614800e-01
   1.3014400e-01
   1.1007300e-01
   1.2745100e-01
   8.0404000e-02
   3.8258000e-02
   1.4248000e-02
   3.6987000e-02
   3.8868000e-02
   8.1230000e-03
   2.2844000e-02
   3.1317000e-02
   3.8580000e-02
   4.8386000e-02
   7.6140000e-02
   9.9676000e-02
   9.3695000e-02
   9.7426000e-02
   8.9607000e-02
   9.8904000e-02
   1.0236400e-01
   4.8309000e-02
   4.5290000e-02
   7.2386000e-02
   6.2256000e-02
   8.3056000e-02
   8.6580000e-02
   9.0813000e-02
   1.1708100e-01
   1.0926600e-01
   1.1081500e-01
   8.7509000e-02
   7.2432000e-02
   1.0017200e-01
   8.8114000e-02
   7.2237000e-02
   6.4251000e-02
   5.5111000e-02
   4.5826000e-02
   2.0108000e-02
  -9.0520000e-03
  -5.8159000e-02
  -5.9095000e-02
  -7.0677000e-02
  -1.0334200e-01
  -7.1130000e-02
  -1.0013200e-01
  -1.2814100e-01
  -1.2202400e-01
  -1.2751700e-01
  -1.0802200e-01
  -9.7524000e-02
  -8.3528000e-02
  -1.1409900e-01
  -1.2944000e-01
  -1.1281900e-01
  -1.2597000e-01
  -1.0014700e-01
  -1.0329800e-01
  -1.1597600e-01
  -7.3175000e-02
  -8.2504000e-02
  -1.0988200e-01
  -8.8239000e-02
  -7.4863000e-02
  -9.8754000e-02
  -1.2740500e-01
  -8.3540000e-02
  -2.9701000e-02
  -5.4611000e-02
  -6.9685000e-02
  -5.9421000e-02
  -5.6375000e-02
  -5.8086000e-02
  -8.1668000e-02
  -7.8313000e-02
  -4.5440000e-02
  -3.6178000e-02
  -3.5165000e-02
  -2.7614000e-02
  -2.9370000e-03
   2.0247000e-02
   7.1050000e-03
  -1.1714000e-02
   9.5830000e-03
   3.4014000e-02
   9.0740000e-03
   1.3201000e-02
   2.3881000e-02
  -2.1780000e-03
  -1.0841000e-02
  -3.5644000e-02
  -3.1898000e-02
  -1.6305000e-02
  -4.1610000e-02
  -4.3618000e-02
  -4.9663000e-02
  -4.3058000e-02
  -2.4427000e-02
  -3.0187000e-02
  -6.4560000e-03
  -1.0823000e-02
  -1.7785000e-02
   1.9130000e-02
   4.3723000e-02
   5.7732000e-02
   4.8186000e-02
   5.0723000e-02
   4.6948000e-02
   4.4177000e-02
   6.0715000e-02
   5.9335000e-02
   6.6033000e-02
   5.7763000e-02
   6.0832000e-02
   5.7954000e-02
   4.3683000e-02
   5.9258000e-02
   2.3839000e-02
  -1.8000000e-03
   1.7524000e-02
  -1.4505000e-02
  -3.0755000e-02
  -2.0269000e-02
  -4.4213000e-02
  -7.0046000e-02
  -9.1418000e-02
  -9.5874000e-02
  -1.2344300e-01
  -1.4989400e-01
  -1.1876200e-01
  -1.1081800e-01
  -8.8380000e-02
  -8.4462000e-02
  -1.0669000e-01
  -4.5749000e-02
  -8.6130000e-03
  -1.4041000e-02
   1.4098000e-02
   6.4529000e-02
   8.1328000e-02
   6.0874000e-02
   5.1145000e-02
   4.7652000e-02
   3.8419000e-02
  -8.4280000e-03
   8.1510000e-03
   3.9353000e-02
   1.6300000e-04
   2.9597000e-02
   3.7669000e-02
   2.5485000e-02
   6.2064000e-02
   7.3215000e-02
   9.6919000e-02
   9.6135000e-02
   1.0161700e-01
   1.3141000e-01
   9.1066000e-02
   7.7491000e-02
   9.3076000e-02
   7.1065000e-02
   5.2865000e-02
   3.5348000e-02
   4.9306000e-02
   4.3777000e-02
   1.5674000e-02
   2.8896000e-02
   2.5474000e-02
   2.5312000e-02
   1.1060000e-03
  -1.6612000e-02
   1.6052000e-02
  -8.7210000e-03
  -1.8088000e-02
   1.6230000e-03
   1.2704000e-02
   2.5133000e-02
  -1.0649000e-02
   4.5730000e-03
   3.6952000e-02
   1.1669000e-02
   1.6921000e-02
   1.4415000e-02
   2.1680000e-03
  -2.6078000e-02
  -9.3964000e-02
  -9.6100000e-02
  -8.9812000e-02
  -1.1502900e-01
  -1.1689000e-01
  -1.0607400e-01
  -6.8265000e-02
  -6.8179000e-02
  -6.5074000e-02
   9.9900000e-04
   2.7072000e-02
   2.9607000e-02
   3.7931000e-02
   5.1992000e-02
   6.5696000e-02
   2.3586000e-02
   1.8877000e-02
   4.5684000e-02
   1.8539000e-02
   1.1190000e-03
  -1.9500000e-03
   2.4341000e-02
   4.0914000e-02
   1.5077000e-02
   2.8709000e-02
   5.7993000e-02
