   3.4330000e-03
  -2.9300000e-04
   2.8386000e-02
   5.9556000e-02
   1.7696000e-02
  -5.0778000e-02
  -4.4989000e-02
   3.6010000e-03
  -1.7952000e-02
  -7.9040000e-02
  -1.1880800e-01
  -1.4805700e-01
  -2.2684100e-01
  -2.6712400e-01
  -1.8779600e-01
  -1.5810700e-01
  -1.8257800e-01
  -2.0630700e-01
  -2.2767700e-01
  -1.8592100e-01
  -1.7677900e-01
  -2.3725100e-01
  -2.4897200e-01
  -2.3931600e-01
  -2.9176800e-01
  -3.5468400e-01
  -3.6687500e-01
  -3.4829900e-01
  -3.7162600e-01
  -4.4477600e-01
  -4.4666600e-01
  -3.6228700e-01
  -3.2379200e-01
  -3.1417100e-01
  -2.4403600e-01
  -1.7606500e-01
  -1.7481400e-01
  -1.9694800e-01
  -2.0632300e-01
  -3.0526200e-01
  -6.8275100e-01
  -1.3730110e+00
  -2.2708550e+00
  -3.2594320e+00
  -4.1033410e+00
  -4.4989660e+00
  -4.2404360e+00
  -3.3170910e+00
  -1.9923630e+00
  -5.3892100e-01
   9.9479100e-01
   2.5078640e+00
   3.8441400e+00
   4.9767010e+00
   5.8777120e+00
   6.4009380e+00
   6.4095750e+00
   6.0218420e+00
   5.4035270e+00
   4.6114650e+00
   3.6117470e+00
   2.4813880e+00
   1.4377900e+00
   4.1167300e-01
  -5.4241500e-01
  -1.2740110e+00
  -1.8348720e+00
  -2.1991240e+00
  -2.4634730e+00
  -2.6399320e+00
  -2.6403240e+00
  -2.6469290e+00
  -2.7792090e+00
  -2.8982990e+00
  -2.9208040e+00
  -2.8545260e+00
  -2.6283500e+00
  -2.2626630e+00
  -1.8015330e+00
  -1.2677910e+00
  -8.2548100e-01
  -4.4892000e-01
   2.5590000e-02
   5.1597800e-01
   8.6596500e-01
   1.0495760e+00
   1.0958520e+00
   1.0586800e+00
   1.0256850e+00
   1.0422050e+00
   1.1516780e+00
   1.2937410e+00
   1.3432730e+00
   1.3426630e+00
   1.2879440e+00
   1.1914870e+00
   1.0662660e+00
   8.2316400e-01
   5.4447900e-01
   2.3964100e-01
  -1.7548300e-01
  -5.8876900e-01
  -8.7396300e-01
  -1.0817650e+00
  -1.2736380e+00
  -1.3869650e+00
  -1.3910370e+00
  -1.3335200e+00
  -1.2549200e+00
  -1.1387410e+00
  -9.2631000e-01
  -6.4201000e-01
  -3.9304900e-01
  -1.6093200e-01
   6.5926000e-02
   2.2002300e-01
   3.0895300e-01
   3.2564900e-01
   3.6776300e-01
   5.0739700e-01
   5.8188100e-01
   5.8084100e-01
   6.0704500e-01
   5.6562500e-01
   4.1806200e-01
   2.7961900e-01
   2.3154600e-01
   2.2604400e-01
   1.6755700e-01
   6.5285000e-02
   1.0444000e-02
  -1.2230000e-03
  -9.4962000e-02
  -1.4386200e-01
  -2.7927000e-02
   9.7264000e-02
   2.3804700e-01
   3.8076500e-01
   4.6929700e-01
   5.6821800e-01
   6.0224700e-01
   5.4898700e-01
   5.0823400e-01
   4.7082200e-01
   3.4456700e-01
   1.4193700e-01
  -4.8070000e-03
  -8.7387000e-02
  -1.9051500e-01
  -2.8190800e-01
  -2.3240600e-01
  -1.6119500e-01
  -2.3297400e-01
  -2.9295400e-01
  -3.1254800e-01
  -3.2044000e-01
  -2.4289700e-01
  -1.1344300e-01
   5.8413000e-02
   2.5637000e-01
   3.8621900e-01
   4.0951900e-01
   4.4639000e-01
   4.9062000e-01
   4.1089900e-01
   3.0783400e-01
   2.6996900e-01
   2.3869300e-01
   1.6658000e-01
   6.8602000e-02
  -6.5000000e-03
  -9.5018000e-02
  -2.2153800e-01
  -2.9027800e-01
  -2.3966600e-01
  -1.8887000e-01
  -1.7822600e-01
  -1.5067300e-01
  -1.3476100e-01
  -6.2940000e-02
   9.3610000e-03
   4.1822000e-02
   1.1846500e-01
   1.2411300e-01
   6.7477000e-02
   1.2290000e-02
   5.2000000e-05
   5.3529000e-02
   5.5141000e-02
   4.0000000e-06
  -5.4800000e-02
  -8.4675000e-02
  -1.2143100e-01
  -1.0223100e-01
   4.1616000e-02
   1.9871500e-01
   2.9543300e-01
   3.3458100e-01
   3.8859400e-01
   4.9048500e-01
   5.5235600e-01
   5.5413200e-01
   5.7984900e-01
   5.3721000e-01
   3.6563900e-01
   2.0483400e-01
   8.5820000e-02
  -1.4369000e-02
  -1.9019800e-01
  -4.5241800e-01
  -6.9139300e-01
  -8.9806700e-01
  -1.0625190e+00
  -1.1274920e+00
  -1.0958320e+00
  -1.0811110e+00
  -1.0728440e+00
  -1.0322880e+00
  -9.4300800e-01
  -7.2733500e-01
  -5.2132000e-01
  -3.5888400e-01
  -1.6047400e-01
  -4.6830000e-02
   7.1260000e-03
   6.3953000e-02
   1.0807400e-01
   1.4852600e-01
   1.2816100e-01
   8.5652000e-02
   6.9473000e-02
   3.1240000e-02
  -6.6946000e-02
  -1.6253800e-01
  -1.6646900e-01
  -1.1175600e-01
  -3.0633000e-02
   2.3487000e-02
   9.5064000e-02
   2.2994000e-01
   2.7628400e-01
   3.1091000e-01
   4.4381000e-01
   5.3626200e-01
   5.2116300e-01
   4.5516600e-01
   3.9498300e-01
   3.3747500e-01
   2.6097000e-01
   1.8549800e-01
   1.6774900e-01
   1.2934400e-01
  -3.4090000e-03
  -9.0614000e-02
  -9.4038000e-02
  -7.7342000e-02
  -5.3355000e-02
  -2.8293000e-02
  -4.9390000e-03
   1.5340000e-02
   1.7843000e-02
   3.9690000e-03
   7.0748000e-02
   1.5616900e-01
   1.5041800e-01
   1.2666100e-01
   7.1218000e-02
   1.7130000e-03
  -6.1764000e-02
  -1.5158400e-01
  -1.3751900e-01
  -4.1379000e-02
   2.4383000e-02
   8.8400000e-02
   1.4349700e-01
   2.0573800e-01
   2.4795800e-01
   2.5582400e-01
   3.0044300e-01
   3.5523900e-01
   3.4979200e-01
   3.0491100e-01
   3.1887800e-01
   3.4374500e-01
   3.0228300e-01
   2.8123600e-01
   2.7877900e-01
   2.4634300e-01
   1.3656200e-01
  -1.0605400e-01
  -3.5118100e-01
  -5.9679500e-01
  -8.7733600e-01
  -1.0357830e+00
  -1.0865520e+00
  -1.0725210e+00
  -1.0168570e+00
  -8.8424100e-01
  -6.1085600e-01
  -3.4212200e-01
  -1.0271500e-01
   1.4608200e-01
   4.3008600e-01
   7.3229800e-01
   9.0230400e-01
   1.0082730e+00
   1.1265500e+00
   1.1791130e+00
   1.0864580e+00
   8.5623000e-01
   5.9957500e-01
   3.3423100e-01
   9.8639000e-02
  -4.9068000e-02
  -1.1554800e-01
  -1.1439600e-01
  -6.0125000e-02
  -6.2220000e-03
   4.3543000e-02
   1.2288900e-01
   8.8811000e-02
  -2.3368000e-02
  -1.0017100e-01
  -1.9456700e-01
  -2.5638900e-01
  -3.2607000e-01
  -3.7762400e-01
  -3.6321900e-01
  -3.8624300e-01
  -3.5463800e-01
  -2.2851200e-01
  -4.7579000e-02
   1.6395800e-01
   3.5239100e-01
   5.7333300e-01
   7.4229400e-01
   8.0078100e-01
   8.1679900e-01
   8.0746700e-01
   7.6702500e-01
   5.7321800e-01
   2.6242700e-01
  -1.4874000e-02
  -3.0783900e-01
  -5.9804700e-01
  -7.7518500e-01
  -8.9026000e-01
  -9.9406600e-01
  -1.0971040e+00
  -1.2546450e+00
  -1.3545330e+00
  -1.3396890e+00
  -1.3186070e+00
  -1.2129530e+00
  -1.0122160e+00
  -8.2477700e-01
  -6.2446900e-01
  -4.0618200e-01
  -1.4001700e-01
   1.2429800e-01
   2.9117400e-01
   4.3688100e-01
   5.9820600e-01
   7.4595600e-01
   8.3234200e-01
   8.4938800e-01
   8.4083600e-01
   8.1388100e-01
   7.2025500e-01
   5.1969600e-01
   3.5637400e-01
   2.3547900e-01
   3.0254000e-02
  -1.8299300e-01
  -3.3312800e-01
  -4.1607000e-01
  -4.8729200e-01
  -5.1684300e-01
  -4.3731400e-01
  -3.6099500e-01
  -3.3058900e-01
  -2.8858200e-01
  -2.0681100e-01
  -6.8856000e-02
   5.6987000e-02
   1.6539100e-01
   3.4201600e-01
   4.7110000e-01
   5.0949100e-01
   5.5549700e-01
   5.9703000e-01
   6.1461700e-01
   5.2996800e-01
   4.1243000e-01
   3.6974500e-01
   3.0544300e-01
   2.3276800e-01
   1.7041100e-01
   1.2192600e-01
   1.4436900e-01
   8.3580000e-02
  -5.7760000e-02
  -9.1448000e-02
  -1.7561900e-01
  -3.4067100e-01
  -4.6392000e-01
  -6.1489200e-01
  -7.0570000e-01
  -7.4449700e-01
  -7.8016400e-01
  -6.8829900e-01
  -5.8229400e-01
  -5.7176300e-01
  -5.0767000e-01
  -3.4825700e-01
  -1.8341400e-01
  -2.1391000e-02
   1.0086100e-01
   1.3333000e-01
   1.3584100e-01
   7.3972000e-02
  -2.9951000e-02
  -4.6436000e-02
  -6.3625000e-02
  -1.0828900e-01
  -1.3848800e-01
  -1.1145300e-01
   1.8869000e-02
   1.0301400e-01
   1.5272300e-01
   2.0277600e-01
   1.6540800e-01
   8.5137000e-02
   2.4880000e-03
  -5.3910000e-02
  -8.7721000e-02
  -1.5424500e-01
  -2.3417500e-01