   1.0000000e-01   7.9913194e-04  -2.2920482e-01
   1.1513954e-01   1.0594313e-03  -2.6391351e-01
   1.3257114e-01   1.4045229e-03  -3.0388122e-01
   1.5264180e-01   1.8620321e-03  -3.4990641e-01
   1.7575106e-01   2.4685877e-03  -4.0290958e-01
   2.0235896e-01   3.2727588e-03  -4.6395243e-01
   2.3299518e-01   4.3389514e-03  -5.3426018e-01
   2.6826958e-01   5.7525803e-03  -6.1524774e-01
   3.0888436e-01   7.6269344e-03  -7.0855074e-01
   3.5564803e-01   1.0112297e-02  -8.1606233e-01
   4.0949151e-01   1.3408068e-02  -9.3997739e-01
   4.7148664e-01   1.7778886e-02  -1.0828463e+00
   5.4286754e-01   2.3576103e-02  -1.2476410e+00
   6.2505519e-01   3.1266417e-02  -1.4378378e+00
   7.1968567e-01   4.1470137e-02  -1.6575230e+00
   8.2864277e-01   5.5012429e-02  -1.9115302e+00
   9.5409548e-01   7.2992191e-02  -2.2056233e+00
   1.0985411e+00   9.6875011e-02  -2.5467465e+00
   1.2648552e+00   1.2861932e-01  -2.9433740e+00
   1.4563485e+00   1.7084884e-01  -3.4060121e+00
   1.6768329e+00   2.2709048e-01  -3.9479410e+00
   1.9306977e+00   3.0210638e-01  -4.5863386e+00
   2.2229965e+00   4.0236405e-01  -5.3440372e+00
   2.5595479e+00   5.3671419e-01  -6.2523586e+00
   2.9470517e+00   7.1738847e-01  -7.3558607e+00
   3.3932218e+00   9.6150467e-01  -8.7206370e+00
   3.9069399e+00   1.2933945e+00  -1.0449593e+01
   4.4984327e+00   1.7482801e+00  -1.2712382e+01
   5.1794747e+00   2.3780735e+00  -1.5808710e+01
   5.9636233e+00   3.2597231e+00  -2.0315009e+01
   6.8664885e+00   4.5006017e+00  -2.7460144e+01
   7.9060432e+00   6.1871802e+00  -4.0145469e+01
   9.1029818e+00   7.9062939e+00  -6.4797977e+01
   1.0481131e+01   7.3171008e+00  -1.0322695e+02
   1.2067926e+01   3.5529590e+00  -1.3339158e+02
   1.3894955e+01  -7.0078485e-01  -1.4915501e+02
   1.5998587e+01  -4.5358089e+00  -1.5768974e+02
   1.8420700e+01  -7.9729704e+00  -1.6288738e+02
   2.1209509e+01  -1.1125641e+01  -1.6636874e+02
   2.4420531e+01  -1.4080997e+01  -1.6886669e+02
   2.8117687e+01  -1.6898272e+01  -1.7075011e+02
   3.2374575e+01  -1.9617477e+01  -1.7222237e+02
   3.7275937e+01  -2.2266078e+01  -1.7340421e+02
   4.2919343e+01  -2.4863286e+01  -1.7437179e+02
   4.9417134e+01  -2.7422761e+01  -1.7517569e+02
   5.6898660e+01  -2.9954351e+01  -1.7585097e+02
   6.5512856e+01  -3.2465228e+01  -1.7642291e+02
   7.5431201e+01  -3.4960663e+01  -1.7691034e+02
   8.6851137e+01  -3.7444551e+01  -1.7732768e+02
   1.0000000e+02  -3.9919788e+01  -1.7768628e+02
