   1.0000000e-01   8.0212090e-02  -2.3137225e+00
   1.1513954e-01   1.0646903e-01  -2.6723174e+00
   1.3257114e-01   1.4137793e-01  -3.0896622e+00
   1.5264180e-01   1.8783322e-01  -3.5770904e+00
   1.7575106e-01   2.4973091e-01  -4.1490317e+00
   2.0235896e-01   3.3234085e-01  -4.8243122e+00
   2.3299518e-01   4.4283671e-01  -5.6282070e+00
   2.6826958e-01   5.9106505e-01  -6.5957921e+00
   3.0888436e-01   7.9068649e-01  -7.7776333e+00
   3.5564803e-01   1.0609115e+00  -9.2498943e+00
   4.0949151e-01   1.4292066e+00  -1.1133309e+01
   4.7148664e-01   1.9355832e+00  -1.3631256e+01
   5.4286754e-01   2.6392745e+00  -1.7112615e+01
   6.2505519e-01   3.6274565e+00  -2.2310260e+01
   7.1968567e-01   5.0135009e+00  -3.0844992e+01
   8.2864277e-01   6.8182652e+00  -4.6608420e+01
   9.5409548e-01   8.1334273e+00  -7.6773052e+01
   1.0985411e+00   6.2736408e+00  -1.1520202e+02
   1.2648552e+00   2.1055476e+00  -1.3985453e+02
   1.4563485e+00  -2.0300106e+00  -1.5253986e+02
   1.6768329e+00  -5.7198688e+00  -1.5968499e+02
   1.9306977e+00  -9.0504979e+00  -1.6419129e+02
   2.2229965e+00  -1.2129271e+01  -1.6728762e+02
   2.5595479e+00  -1.5033136e+01  -1.6955041e+02
   2.9470517e+00  -1.7814006e+01  -1.7127936e+02
   3.3932218e+00  -2.0507101e+01  -1.7264414e+02
   3.9069399e+00  -2.3136755e+01  -1.7374764e+02
   4.4984327e+00  -2.5720085e+01  -1.7465596e+02
   5.1794747e+00  -2.8269322e+01  -1.7541366e+02
   5.9636233e+00  -3.0793318e+01  -1.7605206e+02
   6.8664885e+00  -3.3298539e+01  -1.7659399e+02
   7.9060432e+00  -3.5789748e+01  -1.7705663e+02
   9.1029818e+00  -3.8270472e+01  -1.7745325e+02
   1.0481131e+01  -4.0743334e+01  -1.7779438e+02
   1.2067926e+01  -4.3210294e+01  -1.7808847e+02
   1.3894955e+01  -4.5672816e+01  -1.7834248e+02
   1.5998587e+01  -4.8131999e+01  -1.7856216e+02
   1.8420700e+01  -5.0588669e+01  -1.7875236e+02
   2.1209509e+01  -5.3043446e+01  -1.7891715e+02
   2.4420531e+01  -5.5496796e+01  -1.7906002e+02
   2.8117687e+01  -5.7949071e+01  -1.7918394e+02
   3.2374575e+01  -6.0400536e+01  -1.7929145e+02
   3.7275937e+01  -6.2851390e+01  -1.7938475e+02
   4.2919343e+01  -6.5301783e+01  -1.7946574e+02
   4.9417134e+01  -6.7751829e+01  -1.7953605e+02
   5.6898660e+01  -7.0201613e+01  -1.7959709e+02
   6.5512856e+01  -7.2651199e+01  -1.7965009e+02
   7.5431201e+01  -7.5100636e+01  -1.7969612e+02
   8.6851137e+01  -7.7549961e+01  -1.7973609e+02
   1.0000000e+02  -7.9999201e+01  -1.7977080e+02
