      时间	    开盘	    最高	    最低	    收盘	   MA.MA1   	   MA.MA2   	   MA.MA3   	   MA.MA4   
 2018/01/02	5.6	5.91	5.6	5.81	5.61	5.52	5.49	5.46
 2018/01/03	5.8	5.96	5.78	5.91	5.69	5.57	5.51	5.47
 2018/01/04	6	6.52	6	6.34	5.85	5.66	5.55	5.49
 2018/01/05	6.34	6.62	6.29	6.5	6.03	5.77	5.6	5.51
 2018/01/08	6.46	6.58	6.42	6.49	6.21	5.88	5.65	5.53
 2018/01/09	6.51	6.55	6.37	6.44	6.34	5.97	5.7	5.55
 2018/01/10	6.61	6.79	6.54	6.59	6.47	6.08	5.75	5.58
 2018/01/11	6.59	6.62	6.45	6.52	6.51	6.18	5.81	5.59
 2018/01/12	6.54	6.67	6.43	6.59	6.53	6.28	5.87	5.62
 2018/01/15	6.64	6.88	6.54	6.73	6.57	6.39	5.93	5.64
 2018/01/16	6.72	6.82	6.53	6.55	6.6	6.47	5.99	5.66
 2018/01/17	6.49	6.69	6.4	6.47	6.57	6.52	6.05	5.68
 2018/01/18	6.49	6.49	6.33	6.44	6.56	6.53	6.1	5.7
 2018/01/19	6.43	6.55	6.38	6.48	6.53	6.53	6.15	5.72
 2018/01/22	6.5	6.56	6.31	6.35	6.46	6.52	6.2	5.73
 2018/01/23	6.42	6.49	6.32	6.48	6.44	6.52	6.25	5.75
 2018/01/24	6.56	6.77	6.46	6.76	6.5	6.54	6.31	5.77
 2018/01/25	6.86	6.95	6.66	6.69	6.55	6.55	6.37	5.79
 2018/01/26	6.62	6.83	6.58	6.82	6.62	6.58	6.43	5.81
 2018/01/29	6.83	7.06	6.8	6.88	6.73	6.59	6.49	5.83
 2018/01/30	6.77	6.86	6.62	6.65	6.76	6.6	6.53	5.85
 2018/01/31	6.57	6.59	6.46	6.52	6.71	6.61	6.56	5.87
 2018/02/01	6.54	6.61	6.41	6.6	6.69	6.62	6.58	5.88
 2018/02/02	6.63	7	6.51	6.98	6.73	6.67	6.6	5.9
 2018/02/05	6.8	7.11	6.78	7.07	6.76	6.75	6.63	5.93
 2018/02/06	6.85	6.97	6.66	6.85	6.8	6.78	6.65	5.95
 2018/02/07	6.9	7.16	6.48	6.59	6.82	6.77	6.65	5.97
 2018/02/08	6.36	6.37	6.02	6.16	6.73	6.71	6.63	5.98
 2018/02/09	5.88	5.93	5.55	5.82	6.5	6.61	6.59	5.99
 2018/02/12	5.72	5.83	5.65	5.74	6.23	6.5	6.55	5.99
 2018/02/13	5.79	5.9	5.75	5.78	6.02	6.41	6.51	6
 2018/02/14	5.79	5.81	5.68	5.75	5.85	6.33	6.47	6
 2018/02/22	5.87	5.95	5.81	5.92	5.8	6.27	6.44	6.01
 2018/02/23	6	6.09	5.94	6.02	5.84	6.17	6.42	6.02
 2018/02/26	6.09	6.19	6.02	6.07	5.91	6.07	6.41	6.02
 2018/02/27	6.09	6.1	5.94	6	5.95	5.98	6.38	6.03
 2018/02/28	5.89	5.9	5.76	5.85	5.97	5.91	6.34	6.04
 2018/03/01	5.76	5.84	5.71	5.83	5.95	5.88	6.3	6.04
 2018/03/02	5.75	5.83	5.73	5.77	5.9	5.87	6.24	6.05
 2018/03/05	5.77	5.86	5.74	5.83	5.86	5.88	6.19	6.05
 2018/03/06	5.89	5.93	5.82	5.91	5.84	5.9	6.15	6.06
 2018/03/07	5.88	5.94	5.84	5.88	5.84	5.91	6.12	6.07
 2018/03/08	5.85	5.91	5.79	5.89	5.86	5.91	6.09	6.07
 2018/03/09	5.87	5.89	5.81	5.83	5.87	5.89	6.03	6.08
 2018/03/12	5.9	5.95	5.86	5.89	5.88	5.87	5.97	6.08
 2018/03/13	5.85	5.88	5.79	5.81	5.86	5.85	5.92	6.09
 2018/03/14	5.79	5.89	5.72	5.86	5.86	5.85	5.88	6.1
 2018/03/15	5.83	5.89	5.81	5.86	5.85	5.85	5.87	6.1
 2018/03/16	5.83	5.93	5.8	5.86	5.86	5.86	5.87	6.11
 2018/03/19	5.86	6.06	5.86	6.03	5.88	5.88	5.88	6.12
 2018/03/20	6	6.3	5.99	6.27	5.98	5.92	5.91	6.14
 2018/03/21	6.33	6.43	6.2	6.29	6.06	5.96	5.93	6.15
 2018/03/22	6.36	6.41	6.22	6.28	6.15	6	5.95	6.16
 2018/03/23	6.05	6.31	5.99	6.27	6.23	6.04	5.96	6.18
 2018/03/26	6.24	6.24	5.92	6.08	6.24	6.06	5.96	6.19
 2018/03/27	6.19	6.23	6.03	6.08	6.2	6.09	5.97	6.2
 2018/03/28	5.98	6.03	5.78	5.87	6.12	6.09	5.97	6.21
 2018/03/29	5.87	6.11	5.82	6.06	6.07	6.11	5.98	6.21
 2018/03/30	6.04	6.05	5.88	5.92	6	6.11	5.99	6.22
 2018/04/02	5.92	5.99	5.85	5.87	5.96	6.1	5.99	6.22
 2018/04/03	5.8	5.86	5.7	5.82	5.91	6.05	5.99	6.22
 2018/04/04	5.87	5.96	5.84	5.87	5.91	6.01	5.99	6.22
 2018/04/09	5.94	6.09	5.91	6.03	5.9	5.99	5.99	6.22
 2018/04/10	6.11	6.22	6.01	6.21	5.96	5.98	6.01	6.21
 2018/04/11	6.35	6.48	6.3	6.33	6.05	6.01	6.03	6.21
 2018/04/12	6.38	6.43	6.28	6.38	6.16	6.04	6.06	6.21
 2018/04/13	6.34	6.37	6.26	6.27	6.24	6.08	6.08	6.2
 2018/04/16	6.29	6.31	6.06	6.15	6.27	6.08	6.1	6.2
 2018/04/17	6.11	6.15	6.02	6.06	6.24	6.1	6.11	6.19
 2018/04/18	6.13	6.3	6.1	6.29	6.23	6.14	6.12	6.18
 2018/04/19	6.4	6.44	6.28	6.34	6.22	6.19	6.12	6.18
 2018/04/20	6.29	6.33	6.2	6.27	6.22	6.23	6.12	6.18
 2018/04/23	6.22	6.29	6.13	6.27	6.25	6.26	6.12	6.17
 2018/04/24	6.25	6.47	6.25	6.38	6.31	6.27	6.13	6.17
 2018/04/25	6.32	6.33	6.17	6.19	6.29	6.26	6.13	6.17
 2018/04/26	6.2	6.22	6.12	6.19	6.26	6.24	6.14	6.16
 2018/04/27	6.23	6.39	6.17	6.35	6.28	6.25	6.16	6.16
 2018/05/02	6.33	6.36	6.25	6.31	6.28	6.27	6.18	6.15
 2018/05/03	6.3	6.48	6.26	6.44	6.3	6.3	6.2	6.14
 2018/05/04	6.46	6.47	6.35	6.45	6.35	6.32	6.23	6.14
 2018/05/07	6.48	6.63	6.42	6.62	6.43	6.35	6.27	6.14
 2018/05/08	6.61	6.67	6.48	6.51	6.47	6.37	6.3	6.14
 2018/05/09	6.57	6.71	6.56	6.63	6.53	6.41	6.33	6.14
 2018/05/10	6.71	6.76	6.64	6.71	6.58	6.44	6.36	6.13
 2018/05/11	6.73	6.73	6.63	6.69	6.63	6.49	6.38	6.13
 2018/05/14	6.67	6.67	6.53	6.58	6.62	6.53	6.39	6.12
 2018/05/15	6.61	6.61	6.52	6.6	6.64	6.55	6.4	6.12
 2018/05/16	6.55	6.55	6.48	6.54	6.62	6.58	6.42	6.13
 2018/05/17	6.56	6.61	6.52	6.55	6.59	6.59	6.45	6.14
 2018/05/18	6.55	6.89	6.52	6.87	6.63	6.63	6.47	6.16
 2018/05/21	6.8	6.89	6.65	6.71	6.65	6.64	6.49	6.17
 2018/05/22	6.71	6.76	6.66	6.71	6.68	6.66	6.52	6.19
 2018/05/23	6.68	6.69	6.43	6.45	6.66	6.64	6.52	6.2
 2018/05/24	6.43	6.54	6.39	6.44	6.64	6.61	6.53	6.21
 2018/05/25	6.4	6.43	6.28	6.4	6.54	6.59	6.54	6.21
 2018/05/28	6.27	6.37	6.18	6.36	6.47	6.56	6.55	6.22
 2018/05/29	6.38	6.43	6.35	6.39	6.41	6.54	6.55	6.23
 2018/05/30	6.28	6.38	6.25	6.27	6.37	6.51	6.55	6.23
 2018/05/31	6.33	6.51	6.32	6.49	6.38	6.51	6.55	6.25
 2018/06/01	6.44	6.5	6.38	6.44	6.39	6.47	6.55	6.26
 2018/06/04	6.42	6.54	6.4	6.49	6.42	6.44	6.54	6.27
 2018/06/05	6.49	6.5	6.35	6.42	6.42	6.42	6.54	6.27
 2018/06/06	6.39	6.4	6.3	6.36	6.44	6.41	6.52	6.28
 2018/06/07	6.35	6.38	6.3	6.36	6.41	6.4	6.51	6.29
 2018/06/08	6.37	6.42	6.31	6.34	6.39	6.39	6.49	6.3
 2018/06/11	6.29	6.3	6.15	6.18	6.33	6.37	6.47	6.31
 2018/06/12	6.17	6.28	6.17	6.27	6.3	6.36	6.45	6.31
 2018/06/13	6.23	6.39	6.22	6.33	6.3	6.37	6.44	6.32
 2018/06/14	6.31	6.39	6.25	6.3	6.28	6.35	6.43	6.33
 2018/06/15	6.29	6.36	6.27	6.33	6.28	6.34	6.4	6.33
 2018/06/19	6.27	6.39	6.15	6.29	6.3	6.32	6.38	6.33
 2018/06/20	6.27	6.28	6.19	6.24	6.3	6.3	6.36	6.33
 2018/06/21	6.25	6.32	6.22	6.25	6.28	6.29	6.35	6.33
 2018/06/22	6.24	6.24	6.05	6.11	6.24	6.26	6.33	6.33
 2018/06/25	6.17	6.21	6.05	6.06	6.19	6.24	6.31	6.33
 2018/06/26	6.03	6.05	5.89	5.94	6.12	6.21	6.29	6.33
 2018/06/27	5.99	6.19	5.99	6.13	6.1	6.2	6.28	6.33
 2018/06/28	6.17	6.36	6.17	6.29	6.11	6.19	6.28	6.33
 2018/06/29	6.32	6.36	6.2	6.33	6.15	6.2	6.27	6.34
 2018/07/02	6.29	6.34	6.09	6.15	6.17	6.18	6.26	6.35
 2018/07/03	6.16	6.17	6	6.11	6.2	6.16	6.24	6.35
 2018/07/04	6.05	6.11	6.04	6.07	6.19	6.14	6.22	6.35
 2018/07/05	6.05	6.16	5.88	6.15	6.16	6.13	6.21	6.36
 2018/07/06	6.04	6.14	6	6.11	6.12	6.13	6.2	6.35
 2018/07/09	6.12	6.26	6.11	6.25	6.14	6.15	6.19	6.35
 2018/07/10	6.28	6.38	6.21	6.35	6.19	6.19	6.2	6.35
 2018/07/11	6.24	6.26	6.16	6.22	6.22	6.2	6.2	6.35
 2018/07/12	6.13	6.22	6.09	6.19	6.22	6.19	6.19	6.35
 2018/07/13	6.17	6.21	6.14	6.18	6.24	6.18	6.19	6.35
 2018/07/16	6.18	6.21	6.09	6.17	6.22	6.18	6.18	6.35
 2018/07/17	6.11	6.11	6	6.04	6.16	6.17	6.17	6.35
 2018/07/18	6.06	6.1	6.01	6.05	6.13	6.17	6.16	6.34
 2018/07/19	6.07	6.14	6.06	6.09	6.11	6.16	6.15	6.34
 2018/07/20	6.1	6.25	6.1	6.23	6.12	6.18	6.16	6.34
 2018/07/23	6.22	6.29	6.18	6.27	6.14	6.18	6.17	6.34
 2018/07/24	6.26	6.44	6.24	6.36	6.2	6.18	6.19	6.34
 2018/07/25	6.48	6.51	6.36	6.38	6.27	6.2	6.2	6.34
 2018/07/26	6.41	6.47	6.34	6.4	6.33	6.22	6.2	6.34
 2018/07/27	6.4	6.46	6.36	6.46	6.37	6.24	6.21	6.34
 2018/07/30	6.43	6.49	6.39	6.44	6.41	6.27	6.23	6.34
 2018/07/31	6.46	6.67	6.44	6.6	6.46	6.33	6.25	6.34
 2018/08/01	6.54	6.61	6.49	6.49	6.48	6.37	6.27	6.34
 2018/08/02	6.48	6.48	6.28	6.36	6.47	6.4	6.28	6.34
 2018/08/03	6.38	6.51	6.36	6.42	6.46	6.42	6.3	6.33
 2018/08/06	6.39	6.54	6.31	6.35	6.44	6.43	6.3	6.33
 2018/08/07	6.4	6.64	6.4	6.63	6.45	6.45	6.32	6.33
 2018/08/08	6.58	6.68	6.54	6.57	6.47	6.47	6.33	6.33
 2018/08/09	6.46	6.58	6.4	6.55	6.5	6.49	6.35	6.33
 2018/08/10	6.5	6.55	6.42	6.47	6.51	6.49	6.37	6.33
 2018/08/13	6.45	6.48	6.36	6.44	6.53	6.49	6.38	6.32
 2018/08/14	6.43	6.49	6.4	6.47	6.5	6.47	6.4	6.32
 2018/08/15	6.43	6.43	6.31	6.33	6.45	6.46	6.42	6.31
 2018/08/16	6.22	6.34	6.17	6.23	6.39	6.45	6.42	6.31
 2018/08/17	6.29	6.3	6.15	6.17	6.33	6.42	6.42	6.3
 2018/08/20	6.17	6.31	6.16	6.3	6.3	6.42	6.42	6.3
 2018/08/21	6.32	6.37	6.29	6.32	6.27	6.38	6.42	6.3
 2018/08/22	6.35	6.45	6.33	6.37	6.28	6.36	6.42	6.3
 2018/08/23	6.4	6.47	6.35	6.41	6.31	6.35	6.42	6.3
 2018/08/24	6.4	6.49	6.38	6.47	6.37	6.35	6.42	6.3
 2018/08/27	6.53	6.67	6.52	6.66	6.45	6.37	6.43	6.31
 2018/08/28	6.64	6.82	6.63	6.69	6.52	6.39	6.43	6.31
 2018/08/29	6.69	6.81	6.67	6.7	6.59	6.43	6.45	6.31
 2018/08/30	6.76	6.8	6.64	6.64	6.63	6.47	6.46	6.32
 2018/08/31	6.66	6.76	6.55	6.68	6.67	6.52	6.47	6.32
 2018/09/03	6.64	6.73	6.59	6.65	6.67	6.56	6.49	6.33
 2018/09/04	6.67	6.78	6.56	6.73	6.68	6.6	6.49	6.34
 2018/09/05	6.7	6.73	6.52	6.54	6.65	6.62	6.49	6.34
 2018/09/06	6.53	6.57	6.5	6.54	6.63	6.63	6.49	6.35
 2018/09/07	6.52	6.61	6.49	6.52	6.6	6.64	6.49	6.35
 2018/09/10	6.52	6.6	6.51	6.56	6.58	6.63	6.5	6.35
 2018/09/11	6.56	6.65	6.5	6.62	6.56	6.62	6.51	6.36
 2018/09/12	6.66	6.76	6.57	6.65	6.58	6.61	6.52	6.37
 2018/09/13	6.71	6.86	6.68	6.83	6.64	6.63	6.55	6.37
 2018/09/14	6.8	6.81	6.73	6.77	6.69	6.64	6.58	6.39
 2018/09/17	6.76	6.76	6.65	6.71	6.72	6.65	6.6	6.4
 2018/09/18	6.69	6.81	6.66	6.81	6.75	6.66	6.63	6.41
 2018/09/19	6.8	6.96	6.78	6.93	6.81	6.69	6.66	6.42
