      时间	    开盘	    最高	    最低	    收盘	   MA.MA1   	   MA.MA2   	   MA.MA3   	   MA.MA4   
 2018/01/02	13.21	13.79	13.18	13.56	13.29	13.26	13.08	12.54
 2018/01/03	13.59	13.72	13.06	13.19	13.23	13.27	13.08	12.58
 2018/01/04	13.18	13.23	12.99	13.11	13.22	13.27	13.09	12.6
 2018/01/05	13.07	13.21	13.01	13.16	13.24	13.24	13.12	12.63
 2018/01/08	13.11	13.15	12.72	12.82	13.17	13.19	13.11	12.66
 2018/01/09	12.82	13.06	12.78	12.94	13.04	13.17	13.09	12.69
 2018/01/10	12.9	13.35	12.78	13.33	13.07	13.15	13.11	12.72
 2018/01/11	13.27	13.45	13.13	13.26	13.1	13.16	13.12	12.75
 2018/01/12	13.31	13.54	13.27	13.41	13.15	13.19	13.15	12.78
 2018/01/15	13.37	14.19	13.36	14.06	13.4	13.28	13.23	12.82
 2018/01/16	14.03	14.24	13.88	14.06	13.62	13.33	13.3	12.87
 2018/01/17	14.19	14.66	14.06	14.09	13.78	13.42	13.34	12.92
 2018/01/18	14.26	14.58	14.14	14.58	14.04	13.57	13.42	12.98
 2018/01/19	14.66	14.99	14.54	14.66	14.29	13.72	13.48	13.04
 2018/01/22	14.46	14.8	14.29	14.3	14.34	13.87	13.53	13.09
 2018/01/23	14.22	14.76	14.19	14.51	14.43	14.03	13.6	13.14
 2018/01/24	14.52	14.94	14.36	14.5	14.51	14.14	13.65	13.19
 2018/01/25	14.31	14.33	13.86	14.06	14.41	14.22	13.69	13.24
 2018/01/26	14.04	14.2	13.88	13.91	14.26	14.27	13.73	13.28
 2018/01/29	13.91	14.11	13.46	13.6	14.12	14.23	13.76	13.32
 2018/01/30	13.56	13.7	13.41	13.51	13.92	14.17	13.75	13.36
 2018/01/31	13.46	13.91	13.39	13.91	13.8	14.15	13.79	13.39
 2018/02/01	13.81	14.16	13.7	13.89	13.76	14.08	13.83	13.42
 2018/02/02	13.77	13.96	13.49	13.91	13.76	14.01	13.87	13.45
 2018/02/05	13.66	14.43	13.59	14.41	13.93	14.02	13.94	13.49
 2018/02/06	14.09	14.19	13.79	13.86	14	13.96	13.99	13.51
 2018/02/07	14.08	14.16	12.62	12.78	13.77	13.78	13.96	13.51
 2018/02/08	12.69	12.78	12.39	12.4	13.47	13.62	13.92	13.5
 2018/02/09	11.94	11.94	11.24	11.55	13	13.38	13.83	13.48
 2018/02/12	11.64	11.7	11.42	11.58	12.43	13.18	13.7	13.45
 2018/02/13	11.73	12.07	11.7	11.8	12.02	13.01	13.59	13.42
 2018/02/14	11.82	11.89	11.62	11.86	11.84	12.8	13.48	13.38
 2018/02/22	12.11	12.39	12.11	12.32	11.82	12.65	13.37	13.33
 2018/02/23	12.44	12.65	12.31	12.47	12.01	12.5	13.26	13.3
 2018/02/26	12.63	12.71	12.31	12.49	12.19	12.31	13.17	13.27
 2018/02/27	12.5	12.56	12.05	12.14	12.26	12.14	13.05	13.24
 2018/02/28	11.96	12.05	11.79	11.91	12.27	12.05	12.92	13.22
 2018/03/01	11.78	12.01	11.76	11.9	12.18	12	12.81	13.19
 2018/03/02	11.78	11.9	11.71	11.81	12.05	12.03	12.71	13.16
 2018/03/05	11.79	11.94	11.66	11.72	11.9	12.04	12.61	13.14
 2018/03/06	11.81	11.97	11.63	11.96	11.86	12.06	12.53	13.12
 2018/03/07	12.01	12.2	11.9	11.91	11.86	12.06	12.43	13.1
 2018/03/08	11.91	12.01	11.81	11.97	11.87	12.03	12.34	13.09
 2018/03/09	12.01	12.06	11.84	11.95	11.9	11.98	12.24	13.07
 2018/03/12	12.01	12.03	11.81	11.89	11.94	11.92	12.11	13.06
 2018/03/13	11.9	12.08	11.86	11.88	11.92	11.89	12.01	13.03
 2018/03/14	11.84	11.86	11.69	11.78	11.89	11.88	11.96	13.01
 2018/03/15	11.65	11.71	11.52	11.57	11.81	11.84	11.92	12.99
 2018/03/16	11.58	11.71	11.5	11.5	11.72	11.81	11.92	12.97
 2018/03/19	11.52	11.7	11.47	11.69	11.68	11.81	11.93	12.95
 2018/03/20	11.6	11.74	11.58	11.68	11.64	11.78	11.92	12.94
 2018/03/21	11.81	11.98	11.71	11.76	11.64	11.77	11.92	12.91
 2018/03/22	11.76	11.83	11.48	11.52	11.63	11.72	11.88	12.89
 2018/03/23	11.11	11.21	10.78	11.2	11.57	11.65	11.81	12.85
 2018/03/26	11.01	11.06	10.72	10.79	11.39	11.54	11.73	12.81
 2018/03/27	10.96	11.03	10.72	10.8	11.21	11.43	11.66	12.77
 2018/03/28	10.71	11	10.65	10.75	11.01	11.33	11.6	12.72
 2018/03/29	10.78	11.03	10.41	10.91	10.89	11.26	11.55	12.68
 2018/03/30	10.9	10.91	10.74	10.76	10.8	11.19	11.5	12.65
 2018/04/02	10.73	10.85	10.56	10.57	10.76	11.07	11.44	12.6
 2018/04/03	10.46	10.53	10.37	10.42	10.68	10.95	11.37	12.55
 2018/04/04	10.54	10.87	10.46	10.73	10.68	10.84	11.31	12.51
 2018/04/09	10.66	10.96	10.59	10.88	10.67	10.78	11.25	12.47
 2018/04/10	10.88	11.32	10.83	11.28	10.78	10.79	11.22	12.44
 2018/04/11	11.25	11.78	11.24	11.69	11	10.88	11.21	12.42
 2018/04/12	11.66	11.69	11.28	11.38	11.19	10.94	11.18	12.4
 2018/04/13	11.5	11.65	11.31	11.43	11.33	11.01	11.17	12.36
 2018/04/16	11.33	11.33	10.89	10.96	11.35	11.01	11.13	12.33
 2018/04/17	10.98	11.31	10.97	11.07	11.31	11.04	11.11	12.29
 2018/04/18	11.31	11.47	11.14	11.36	11.24	11.12	11.1	12.24
 2018/04/19	11.38	11.55	11.28	11.33	11.23	11.21	11.08	12.2
 2018/04/20	11.37	11.44	11.06	11.21	11.19	11.26	11.05	12.15
 2018/04/23	11.16	11.47	11.12	11.43	11.28	11.31	11.05	12.1
 2018/04/24	11.49	11.8	11.44	11.72	11.41	11.36	11.07	12.05
 2018/04/25	11.62	11.67	11.49	11.54	11.45	11.34	11.11	12
 2018/04/26	11.52	11.55	11.17	11.28	11.44	11.33	11.14	11.95
 2018/04/27	11.35	11.37	10.49	10.71	11.34	11.26	11.13	11.88
 2018/05/02	10.83	10.89	10.66	10.74	11.2	11.24	11.12	11.83
 2018/05/03	10.72	10.74	10.43	10.61	10.98	11.19	11.12	11.77
 2018/05/04	10.59	10.69	10.52	10.54	10.78	11.11	11.12	11.72
 2018/05/07	10.56	10.69	10.5	10.67	10.65	11.05	11.13	11.68
 2018/05/08	10.69	11.01	10.66	10.87	10.69	11.01	11.13	11.62
 2018/05/09	10.84	10.89	10.74	10.83	10.7	10.95	11.13	11.57
 2018/05/10	10.89	10.95	10.77	10.87	10.76	10.87	11.11	11.52
 2018/05/11	10.9	10.99	10.82	10.87	10.82	10.8	11.07	11.46
 2018/05/14	10.95	11.09	10.89	11.04	10.9	10.77	11.05	11.42
 2018/05/15	11.04	11.05	10.88	10.98	10.92	10.8	11.03	11.39
 2018/05/16	10.93	10.93	10.75	10.76	10.9	10.8	11.02	11.36
 2018/05/17	10.77	10.8	10.64	10.68	10.87	10.81	11	11.35
 2018/05/18	10.67	10.83	10.62	10.82	10.86	10.84	10.98	11.33
 2018/05/21	10.93	10.97	10.79	10.81	10.81	10.85	10.95	11.32
 2018/05/22	10.81	10.84	10.65	10.72	10.76	10.84	10.92	11.3
 2018/05/23	10.68	10.68	10.48	10.51	10.71	10.81	10.88	11.27
 2018/05/24	10.52	10.54	10.44	10.47	10.67	10.77	10.82	11.23
 2018/05/25	10.47	10.53	10.41	10.45	10.59	10.72	10.76	11.2
 2018/05/28	10.44	10.52	10.37	10.45	10.52	10.66	10.72	11.17
 2018/05/29	10.44	10.49	10.21	10.24	10.42	10.59	10.7	11.14
 2018/05/30	10.15	10.15	9.91	9.94	10.31	10.51	10.66	11.11
 2018/05/31	9.97	10.05	9.88	10.04	10.22	10.44	10.63	11.08
 2018/06/01	10.01	10.15	9.93	10.05	10.14	10.37	10.6	11.05
 2018/06/04	10.09	10.17	10.01	10.13	10.08	10.3	10.58	11.02
 2018/06/05	10.15	10.16	9.97	10.12	10.06	10.24	10.54	10.99
 2018/06/06	10.11	10.12	9.96	10	10.07	10.19	10.5	10.96
 2018/06/07	10.06	10.32	10.04	10.23	10.11	10.16	10.47	10.93
 2018/06/08	10.19	10.19	9.92	9.98	10.09	10.12	10.42	10.9
 2018/06/11	9.92	9.99	9.86	9.9	10.05	10.06	10.36	10.87
 2018/06/12	9.89	9.94	9.81	9.92	10.01	10.03	10.31	10.84
 2018/06/13	9.9	9.92	9.81	9.81	9.97	10.02	10.26	10.81
 2018/06/14	9.81	10.01	9.78	9.93	9.91	10.01	10.23	10.78
 2018/06/15	9.94	10.15	9.92	10.03	9.92	10.01	10.19	10.75
 2018/06/19	9.91	10.01	9.68	9.73	9.88	9.97	10.13	10.72
 2018/06/20	9.73	9.81	9.62	9.77	9.85	9.93	10.08	10.69
 2018/06/21	9.79	9.9	9.72	9.72	9.84	9.9	10.05	10.66
 2018/06/22	9.66	9.73	9.63	9.71	9.79	9.85	10.01	10.63
 2018/06/25	9.77	9.78	9.24	9.32	9.65	9.78	9.95	10.61
 2018/06/26	9.25	9.3	8.95	9.22	9.55	9.72	9.89	10.58
 2018/06/27	9.17	9.26	8.89	8.95	9.38	9.62	9.82	10.55
 2018/06/28	8.81	8.94	8.73	8.78	9.2	9.52	9.77	10.52
 2018/06/29	8.87	8.99	8.82	8.95	9.04	9.42	9.71	10.49
 2018/07/02	8.91	8.91	8.41	8.47	8.87	9.26	9.63	10.45
 2018/07/03	8.55	8.56	8.31	8.53	8.74	9.14	9.55	10.42
 2018/07/04	8.49	8.61	8.47	8.47	8.64	9.01	9.47	10.38
 2018/07/05	8.48	8.59	8.41	8.46	8.58	8.89	9.39	10.34
 2018/07/06	8.47	8.64	8.31	8.52	8.49	8.77	9.31	10.3
 2018/07/09	8.55	8.89	8.54	8.89	8.57	8.72	9.25	10.25
 2018/07/10	8.88	8.88	8.75	8.84	8.64	8.69	9.2	10.21
 2018/07/11	8.62	8.69	8.54	8.64	8.67	8.66	9.14	10.16
 2018/07/12	8.6	8.97	8.58	8.88	8.75	8.66	9.09	10.13
 2018/07/13	8.92	8.94	8.82	8.88	8.83	8.66	9.04	10.09
 2018/07/16	8.85	8.9	8.69	8.73	8.79	8.68	8.97	10.04
 2018/07/17	8.74	8.75	8.66	8.72	8.77	8.7	8.92	10
 2018/07/18	8.75	8.85	8.69	8.7	8.78	8.73	8.87	9.96
 2018/07/19	8.75	8.81	8.69	8.73	8.75	8.75	8.82	9.91
 2018/07/20	8.73	9.2	8.61	9.11	8.8	8.81	8.79	9.87
 2018/07/23	9.04	9.45	9	9.42	8.94	8.86	8.79	9.84
 2018/07/24	9.39	9.59	9.33	9.4	9.07	8.92	8.8	9.8
 2018/07/25	9.44	9.47	9.33	9.38	9.21	8.99	8.82	9.78
 2018/07/26	9.4	9.48	9.21	9.25	9.31	9.03	8.85	9.76
 2018/07/27	9.3	9.36	9.18	9.25	9.34	9.07	8.86	9.73
 2018/07/30	9.32	9.49	9.26	9.39	9.33	9.13	8.91	9.72
 2018/07/31	9.37	9.49	9.25	9.42	9.34	9.21	8.95	9.69
 2018/08/01	9.42	9.5	9.11	9.15	9.29	9.25	8.99	9.67
 2018/08/02	9.13	9.15	8.88	8.94	9.23	9.27	9.01	9.63
 2018/08/03	8.93	9.1	8.91	8.91	9.16	9.25	9.03	9.6
 2018/08/06	8.94	9.11	8.89	8.94	9.07	9.2	9.03	9.57
 2018/08/07	8.96	9.17	8.88	9.17	9.02	9.18	9.05	9.54
 2018/08/08	9.16	9.16	9.04	9.05	9	9.15	9.07	9.51
 2018/08/09	9.04	9.35	9.02	9.29	9.07	9.15	9.09	9.48
 2018/08/10	9.3	9.32	9.16	9.23	9.14	9.15	9.11	9.46
 2018/08/13	9.12	9.16	8.9	9.05	9.16	9.12	9.13	9.43
 2018/08/14	9.03	9.04	8.94	9	9.12	9.07	9.14	9.4
 2018/08/15	9.02	9.02	8.75	8.79	9.07	9.04	9.14	9.37
 2018/08/16	8.73	8.89	8.64	8.78	8.97	9.02	9.15	9.34
 2018/08/17	8.88	8.94	8.78	8.81	8.89	9.01	9.13	9.31
 2018/08/20	8.9	9.02	8.87	9	8.88	9.02	9.11	9.29
 2018/08/21	9.02	9.26	9.01	9.23	8.92	9.02	9.1	9.26
 2018/08/22	9.24	9.34	9.13	9.29	9.02	9.05	9.1	9.25
 2018/08/23	9.3	9.42	9.23	9.36	9.14	9.05	9.1	9.24
 2018/08/24	9.31	10.28	9.29	10.03	9.38	9.13	9.14	9.24
 2018/08/27	10.02	10.43	9.97	10.43	9.67	9.27	9.19	9.25
 2018/08/28	10.34	10.43	10.24	10.29	9.88	9.4	9.24	9.25
 2018/08/29	10.25	10.33	10.15	10.27	10.08	9.55	9.29	9.25
 2018/08/30	10.27	10.35	10.08	10.12	10.23	9.68	9.35	9.25
 2018/08/31	10.13	10.32	10.1	10.13	10.25	9.81	9.41	9.25
 2018/09/03	10.09	10.3	10.09	10.19	10.2	9.93	9.48	9.25
 2018/09/04	10.2	10.55	10.07	10.43	10.23	10.05	9.54	9.26
 2018/09/05	10.3	10.33	10.05	10.05	10.18	10.13	9.59	9.27
 2018/09/06	10.05	10.14	9.95	9.97	10.15	10.19	9.62	9.27
 2018/09/07	10.04	10.18	9.93	10.01	10.13	10.19	9.66	9.27
 2018/09/10	10.01	10.07	9.84	9.88	10.07	10.13	9.7	9.27
 2018/09/11	9.9	10.03	9.81	9.91	9.96	10.1	9.75	9.27
 2018/09/12	9.87	9.97	9.82	9.88	9.93	10.06	9.8	9.27
 2018/09/13	10.09	10.1	9.84	9.96	9.93	10.04	9.86	9.28
 2018/09/14	9.98	9.98	9.81	9.84	9.89	10.01	9.91	9.28
 2018/09/17	9.8	9.8	9.68	9.69	9.86	9.96	9.95	9.28
 2018/09/18	9.73	10.12	9.7	10.08	9.89	9.93	9.99	9.3
 2018/09/19	10.03	10.34	10.03	10.24	9.96	9.95	10.04	9.32
