   1.0000000e-01   3.1968889e-03  -4.5853987e-01
   1.1513954e-01   4.2383598e-03  -5.2802584e-01
   1.3257114e-01   5.6192073e-03  -6.0806599e-01
   1.5264180e-01   7.4500894e-03  -7.0027626e-01
   1.7575106e-01   9.8777975e-03  -8.0652681e-01
   2.0235896e-01   1.3097094e-02  -9.2898554e-01
   2.3299518e-01   1.7366456e-02  -1.0701709e+00
   2.6826958e-01   2.3029045e-02  -1.2330169e+00
   3.0888436e-01   3.0540658e-02  -1.4209542e+00
   3.5564803e-01   4.0507077e-02  -1.6380137e+00
   4.0949151e-01   5.3734082e-02  -1.8889606e+00
   4.7148664e-01   7.1294643e-02  -2.1794729e+00
   5.4286754e-01   9.4619566e-02  -2.5163851e+00
   6.2505519e-01   1.2562046e-01  -2.9080273e+00
   7.1968567e-01   1.6685769e-01  -3.3647129e+00
   8.2864277e-01   2.2177193e-01  -3.8994548e+00
   9.5409548e-01   2.9500691e-01  -4.5290506e+00
   1.0985411e+00   3.9286590e-01  -5.2757732e+00
   1.2648552e+00   5.2396870e-01  -6.1700914e+00
   1.4563485e+00   7.0021702e-01  -7.2552104e+00
   1.6768329e+00   9.3824754e-01  -8.5949796e+00
   1.9306977e+00   1.2616748e+00  -1.0288381e+01
   2.2229965e+00   1.7046290e+00  -1.2497762e+01
   2.5595479e+00   2.3173470e+00  -1.5508116e+01
   2.9470517e+00   3.1743478e+00  -1.9863343e+01
   3.3932218e+00   4.3807995e+00  -2.6712440e+01
   3.9069399e+00   6.0319295e+00  -3.8750207e+01
   4.4984327e+00   7.8035149e+00  -6.2097471e+01
   5.1794747e+00   7.5194584e+00  -1.0000212e+02
   5.9636233e+00   3.9126132e+00  -1.3153358e+02
   6.8664885e+00  -3.6090775e-01  -1.4819958e+02
   7.9060432e+00  -4.2336020e+00  -1.5714002e+02
   9.1029818e+00  -7.6993614e+00  -1.6253475e+02
   1.0481131e+01  -1.0871927e+01  -1.6612355e+02
   1.2067926e+01  -1.3841112e+01  -1.6868601e+02
   1.3894955e+01  -1.6668133e+01  -1.7061124e+02
   1.5998587e+01  -1.9394309e+01  -1.7211228e+02
   1.8420700e+01  -2.2047957e+01  -1.7331492e+02
   2.1209509e+01  -2.4648856e+01  -1.7429813e+02
   2.4420531e+01  -2.7211051e+01  -1.7511413e+02
   2.8117687e+01  -2.9744656e+01  -1.7579904e+02
   3.2374575e+01  -3.2257033e+01  -1.7637879e+02
   3.7275937e+01  -3.4753587e+01  -1.7687264e+02
   4.2919343e+01  -3.7238314e+01  -1.7729535e+02
   4.9417134e+01  -3.9714179e+01  -1.7765846e+02
   5.6898660e+01  -4.2183394e+01  -1.7797122e+02
   6.5512856e+01  -4.4647612e+01  -1.7824116e+02
   7.5431201e+01  -4.7108072e+01  -1.7847450e+02
   8.6851137e+01  -4.9565703e+01  -1.7867645e+02
   1.0000000e+02  -5.2021203e+01  -1.7885137e+02
